
1                                           GTDS  DC       PROGRAM                                          PAGE   254

                                          GTDS SOR BATCH DETAIL REPORT                            

                                                      INDEX - INP ST3K ST3K 03MAR2014 12.37.10,R 9,SSA1/1;F 9,SSA1,O=1,    

                                          BATCH NO.  9    INPUT   VECTOR
 DATE OF OBS  MISSN=TRMM        RCV TRACKER = ST3K  RTN LINK -    FWD LINK -  USER-TO-TDRS FREQ =  2255.503200 MHZ  NRML SERVICE
  03 MAR 2014  USER= 9707401   XMIT TRACKER = ST3K   TDRS= 1308    TDRS= 1308 PILOT TRANSL FREQ = 11422.000000 MHZ  HIGH USER BIT RT
   DAY  62      VIC= 1         TRACKER SYST = TDRS   SRVC= SSA1/1  SRVC= SSA1        XPDR DELAY =      .0 M         10SEC DPLR CNT
        DOPPLER COMP =  ON            SGLT =   3        SA EQUIPMENT STRING =   B     




            ------- OBSERVATIONS -------   ------- O-C VALUES -------   RTRN  RTN LNK TDRS  FWD LNK TDRS    USER  USER  DATA
   TIME     RANGE (RT/2)  RT AVG DOPPLER      RANGE         DOPPLER    BM OC HT OF CTR  OP HT OF CTR  OP   HEIGHT   TA  FLAGS  RNG
 HH MM SS       KM              HZ              M             HZ        DEG   RPS  ANG ANG  RPS  ANG ANG     KM  DEG  RDPLXOB  AMB

 12 37 10.    77314.910           .0000D      -149.           .0000D    .000   396  36   5    0   0   0     397.  28  --PL--- 0  
 12 37 20.    77267.469      70834.0888       -148.         -2.8677     .013   396  35   5    0   0   0     397.  28  --PL--- 0  
 12 37 30.    77220.699      69824.6072       -146.         -2.9110     .014   396  35   5    0   0   0     397.  28  --PL--- 0  
 12 37 40.    77174.609      68803.2337       -143.         -2.9502     .000   396  34   5    0   0   0     397.  28  --PL--- 0  
 12 37 50.    77129.205      67770.1132       -141.         -2.9665     .000   396  33   5    0   0   0     397.  28  --PL--- 0  
 12 38 00.    77084.495      66725.3085       -140.         -3.0270     .013   396  33   5    0   0   0     397.  28  --PL--- 0  
 12 38 10.    77040.488      65669.0390       -138.         -3.0462     .003   396  32   5    0   0   0     397.  28  --PL--- 0  
 12 38 20.    76997.190      64601.3833       -135.         -3.0833     .011   396  32   5    0   0   0     397.  28  --PL--- 0  
 12 38 30.    76954.610      63522.5254       -133.         -3.0959     .000   396  31   5    0   0   0     397.  28  --PL--- 0  
 12 38 40.    76912.753      62432.5584       -131.         -3.1365     .012   396  30   5    0   0   0     397.  28  --PL--- 0  
 12 38 50.    76871.629      61331.6627       -129.         -3.1743     .015   396  30   5    0   0   0     397.  28  --PL--- 0  
 12 39 00.    76831.244      60220.0057       -127.         -3.1953     .008   396  29   5    0   0   0     397.  28  --PL--- 0  
 12 39 10.    76791.604      59097.7161       -125.         -3.2280     .000   397  29   5    0   0   0     397.  28  --PL--- 0  
 12 39 20.    76752.718      57964.9493       -123.         -3.2781     .000   397  28   5    0   0   0     397.  28  --PL--- 0  
 12 39 30.    76714.591      56821.9224       -120.         -3.2936     .006   397  27   5    0   0   0     397.  28  --PL--- 0  
 12 39 40.    76677.231      55668.7647       -118.         -3.3138     .000   397  27   5    0   0   0     397.  28  --PL--- 0  
 12 39 50.    76640.644      54505.6541       -116.         -3.3336     .012   397  26   5    0   0   0     397.  28  --PL--- 0  
 12 40 00.    76604.836      53332.7337       -114.         -3.3861     .010   397  26   5    0   0   0     397.  28  --PL--- 0  
 12 40 10.    76569.814      52150.2484       -111.         -3.4065     .000   397  25   5    0   0   0     397.  28  --PL--- 0  
 12 40 20.    76535.585      50958.3507       -109.         -3.4261     .000   397  24   5    0   0   0     397.  28  --PL--- 0  
 12 40 30.    76502.154      49757.2298       -107.         -3.4429     .013   397  24   5    0   0   0     397.  28  --PL--- 0  
 12 40 40.    76469.528      48547.0692       -104.         -3.4646     .012   397  23   5    0   0   0     397.  28  --PL--- 0  
 12 40 50.    76437.711      47328.0522       -102.         -3.5023     .013   397  23   5    0   0   0     397.  28  --PL--- 0  
 12 41 00.    76406.711      46100.3725        -99.         -3.5605     .009   397  22   5    0   0   0     397.  28  --PL--- 0  
 12 41 10.    76376.532      44864.2852        -97.         -3.5854     .010   397  21   5    0   0   0     397.  28  --PL--- 0  
 12 41 20.    76347.180      43619.9695        -95.         -3.6030     .000   397  21   5    0   0   0     397.  28  --PL--- 0  
 12 41 30.    76318.661      42367.6029        -92.         -3.6439     .000   397  20   5    0   0   0     397.  28  --PL--- 0  
 12 41 40.    76290.979      41107.4283        -90.         -3.6767     .000   397  20   5    0   0   0     397.  28  --PL--- 0  
 12 41 50.    76264.140      39839.6778        -87.         -3.6842     .009   397  19   5    0   0   0     397.  28  --PL--- 0  
 12 42 00.    76238.149      38564.5559        -85.         -3.6796     .012   397  18   5    0   0   0     397.  28  --PL--- 0  
 12 42 10.    76213.010      37282.2473        -82.         -3.6993     .000   397  18   5    0   0   0     397.  28  --PL--- 0  
 12 42 20.    76188.728      35992.9587        -80.         -3.7605     .004   397  17   5    0   0   0     397.  28  --PL--- 0  
 12 42 30.    76165.307      34697.0140        -77.         -3.7662     .018   397  17   5    0   0   0     398.  28  --PL--- 0  
 12 42 40.    76142.752      33394.5808        -75.         -3.7784     .000   398  16   6    0   0   0     398.  28  --PL--- 0  
 12 42 50.    76121.067      32085.9106        -72.         -3.7780     .016   398  16   6    0   0   0     398.  28  --PL--- 0  
 12 43 00.    76100.255      30771.2173        -70.         -3.7864     .000   398  15   6    0   0   0     398.  28  --PL--- 0  
 12 43 10.    76080.322      29450.7522        -67.         -3.7897     .007   398  14   6    0   0   0     398.  28  --PL--- 0  
 12 43 20.    76061.269      28124.7504        -64.         -3.7931     .005   398  14   6    0   0   0     398.  28  --PL--- 0  
 12 43 30.    76043.102      26793.4497        -61.         -3.8014     .000   398  13   6    0   0   0     398.  28  --PL--- 0  
 12 43 40.    76025.823      25457.0971        -59.         -3.8123     .000   398  13   6    0   0   0     398.  28  --PL--- 0  
 12 43 50.    76009.435      24115.9343        -56.         -3.8312     .000   398  12   6    0   0   0     398.  27  --PL--- 0  
 12 44 00.    75993.942      22770.2113        -54.         -3.8574     .016   398  12   6    0   0   0     398.  27  --PL--- 0  
 12 44 10.    75979.346      21420.1913        -51.         -3.8787     .010   398  11   6    0   0   0     398.  27  --PL--- 0  
 12 44 20.    75965.650      20066.1239        -48.         -3.8986     .012   398  11   6    0   0   0     398.  27  --PL--- 0  
 12 44 30.    75952.856      18708.2752        -45.         -3.9060     .000   398  10   6    0   0   0     398.  27  --PL--- 0  
 12 44 40.    75940.968      17346.8799        -43.         -3.9227     .019   398  10   6    0   0   0     398.  27  --PL--- 0  
 12 44 50.    75929.986      15982.2069        -40.         -3.9380     .000   398   9   6    0   0   0     398.  27  --PL--- 0  




 EDIT FLAGS

 S = EDIT BY DC SIGMA CRITERIA                     U = EDIT BY USER IN DC
 * = EDIT BY SOR VALIDATION STATISTICS             $ = EDIT BY MAXIMUM O-C IN SOR STATISTICS 
 E = EDIT BY ELEVATION ANGLE                       A = EDIT BY ATMOSPHERIC INTERFERENCE 
 V = EDIT BY VALIDITY FLAG                         D = EDIT BY DOPPLER 
 M = EDIT BY SCOPE                                 T = NOT INCLUDED IN NORMAL MATRIX 
 G = EDIT BY OBSERVATION IN ORBIT FILE GAP         + = EDIT BY DUPLICATE OBSERVATION
 N = DATA NOT AVAILABLE                            C = RANGE CONFIGURATION CHANGED

