TDRS 3                  
1 19548U 88091B   14075.22334719 -.00000296  00000-0  10000-3 0  2446
2 19548  14.4015  20.8833 0017171 339.3535 204.6424  1.00262833 80517
HST                     
1 20580U 90037B   14074.98081012  .00003959  00000-0  26092-3 0  4598
2 20580  28.4696 289.6673 0003537  15.1966 127.8575 15.04918113110661
TDRS 5                  
1 21639U 91054B   14074.56999007  .00000092  00000-0  00000+0 0  5043
2 21639  13.1633  34.8211 0016231 337.1231 198.5042  1.00272248 82838
TDRS 6                  
1 22314U 93003B   14075.00587490 -.00000286  00000-0  10000-3 0  5219
2 22314  12.6044  37.6300 0008816 327.0941 125.1561  1.00273386 77554
TDRS 7                  
1 23613U 95035B   14075.50741850 -.00000196  00000-0  10000-3 0  6756
2 23613  14.0397  28.3825 0028284 358.5276  54.6933  1.00273751 68368
TRMM                    
1 25063U 97074A   14074.33121516  .00033182  00000-0  46191-3 0  5864
2 25063  34.9577  41.1373 0001149 228.4387 283.3273 15.55912779930068
ISS (ZARYA)             
1 25544U 98067A   14075.75200051  .00017195  00000-0  29880-3 0  8821
2 25544  51.6501 197.7356 0004433 309.9824 209.9557 15.50912251876983
LANDSAT 7               
1 25682U 99020A   14075.31496669  .00000580  00000-0  13884-3 0   614
2 25682  98.2258 146.1221 0000877  73.4386 286.6941 14.57101130793467
TERRA                   
1 25994U 99068A   14075.53521047 -.00010149  00000-0 -22480-2 0   519
2 25994  98.2190 151.5220 0001728  90.9224 269.2124 14.57072245757574
TDRS 8                  
1 26388U 00034A   14073.03240813 -.00000228  00000-0  10000-3 0  1258
2 26388   5.3057  68.0539 0002036 208.6782 355.2088  1.00264201 50286
EO-1                    
1 26619U 00075A   14075.51804387  .00001349  00000-0  27006-3 0  3921
2 26619  97.9927 135.1104 0008447 264.4124  95.6111 14.63333296709616
TIMED                   
1 26998U 01055B   14074.72531932  .00001466  00000-0  17124-3 0  7604
2 26998  74.0733 159.8035 0001056 241.9614 118.1459 14.86150354664642
TDRS 9                  
1 27389U 02011A   14075.34145052 -.00000270  00000-0  10000-3 0  3701
2 27389   2.7968 101.8069 0014307 289.3744 224.6699  1.00271250 45566
AQUA                    
1 27424U 02022A   14074.67274581  .00001287  00000-0  29581-3 0  9379
2 27424  98.2211  17.2461 0001135  96.4616 317.5282 14.57081565631052
TDRS 10                 
1 27566U 02055A   14075.41988160  .00000075  00000-0  10000-3 0   696
2 27566   2.8552  63.7110 0008193 212.8693 234.0801  1.00273115 41384
SORCE                   
1 27651U 03004A   14075.46772980  .00002971  00000-0  35103-3 0  3637
2 27651  39.9944  95.6326 0025700 179.9449 180.1345 14.85566804603715
AURA                    
1 28376U 04026A   14075.21745498 -.00001555  00000-0 -33530-3 0  1150
2 28376  98.2204  19.9444 0001513 101.3453 258.8068 14.57102660514189
SWIFT                   
1 28485U 04047A   14074.45314664  .00005609  00000-0  42579-3 0  6505
2 28485  20.5571 147.2674 0012842  17.4841 342.6032 14.98115122509112
THEMIS A                
1 30580U 07004A   14075.65188737 -.00000493  00000-0  00000+0 0  7533
2 30580  12.6131  22.4615 8222449 152.6542   0.2671  1.07985236 25596
THEMIS D                
1 30797U 07004D   14075.93447202 -.00000514  00000-0  00000+0 0  8983
2 30797   8.1573 358.2299 8187992 174.0740   0.0047  1.07991243 25449
THEMIS E                
1 30798U 07004E   14075.32215244 -.00000483  00000-0  00000+0 0  8958
2 30798   8.6149  11.2970 8185326 162.6614   0.0195  1.07986811 25593
AIM                     
1 31304U 07015A   14075.46152344  .00009677  00000-0  75781-3 0  2982
2 31304  97.8688 199.1672 0008330 176.9169 227.1768 15.01203406375759
C/NOFS                  
1 32765U 08017A   14074.87274846  .00032758  00000-0  95734-3 0  4835
2 32765  13.0017 278.6876 0193644 195.2523 287.6033 15.16486366322568
FGRST (GLAST)           
1 33053U 08029A   14075.49349919  .00003428  00000-0  19831-3 0  5301
2 33053  25.5825 161.1560 0012874 232.0761 127.8609 15.08050170317456
WISE                    
1 36119U 09071A   14075.11900747  .00006845  00000-0  32422-3 0  2153
2 36119  97.5171  85.8424 0004105 144.2103 256.0635 15.19645475235057
TDRS 11                 
1 39070U 13004A   14075.41996545  .00000078  00000-0  10000-3 0  3484
2 39070   6.6799 330.9671 0009004 266.9027 275.9657  1.00272579  4156
TDRS 12                 
1 39504U 14004A   14075.52276410  .00000109  00000-0  00000+0 0   400
2 39504   6.9780 338.4118 0001760  13.3974 220.3961  1.00270435   568

