PREDICTED SOLAR DATA

FORMAT(I3,I5,I6,11I5)

           NOMINAL TIMING      EARLY TIMING        LATE TIMING      
 mo. yr.  mean +2sig -2sig ap mean +2sig -2sig ap mean +2sig -2sig ap
BEGIN_DATA 
  6 2012    84  114   84   11   84   84   84    8   84   84   84    8 
  7 2012    85  115   85   11   85   85   85    8   85   85   85    8 
  8 2012    86  116   86   11   86   86   86    8   86   86   86    8 
  9 2012    86  116   86   11   86   86   86    8   86   86   86    8 
 10 2012    87  117   87   11   87   87   87    8   87   87   87    8 
 11 2012    87  117   87   11   87   87   87    8   87   87   87    8 
 12 2012    88  118   88   11   88   88   88    8   88   88   88    8 
  1 2013    89  119   89   11   89   89   89    8   89   89   89    8 
  2 2013    89  119   89   11   89   89   89    8   89   89   89    8 
  3 2013    90  120   90   11   90   90   90    8   90   90   90    8 
  4 2013    90  120   90   11   90   90   90    8   90   90   90    8 
  5 2013    90  120   90   11   90   90   90    8   90   90   90    8 
  6 2013    90  120   90   11   90   90   90    8   90   90   90    8 
  7 2013    91  121   91   11   91   91   91    8   91   91   91    8 
  8 2013    90  120   90   11   90   90   90    8   90   90   90    8 
  9 2013    90  120   90   11   90   90   90    8   90   90   90    8 
 10 2013    90  120   90   11   90   90   90    8   90   90   90    8 
 11 2013    90  120   90   11   90   90   90    8   90   90   90    8 
 12 2013    90  120   90   11   90   90   90    8   90   90   90    8 
  1 2014    90  120   90   11   90   90   90    8   90   90   90    8 
  2 2014    89  119   89   11   89   89   89    8   89   89   89    8 
  3 2014    89  119   89   11   89   89   89    8   89   89   89    8 
  4 2014    89  119   89   11   89   89   89    8   89   89   89    8 
  5 2014    88  118   88   11   88   88   88    8   88   88   88    8 
  6 2014    88  118   88   11   88   88   88    8   88   88   88    8 
  7 2014    87  117   87   11   87   87   87    8   87   87   87    8 
  8 2014    87  117   87   11   87   87   87    8   87   87   87    8 
  9 2014    86  116   86   11   86   86   86    8   86   86   86    8 
 10 2014    85  115   85   11   85   85   85    8   85   85   85    8 
 11 2014    84  114   84   11   84   84   84    8   84   84   84    8 
 12 2014    84  114   84   11   84   84   84    8   84   84   84    8 
  1 2015    83  113   83   11   83   83   83    8   83   83   83    8 
  2 2015    82  112   82   11   82   82   82    8   82   82   82    8 
  3 2015    82  112   82   11   82   82   82    8   82   82   82    8 
  4 2015    81  111   81   11   81   81   81    8   81   81   81    8 
  5 2015    80  110   80   10   80   80   80    7   80   80   80    7 
  6 2015    79  109   79   10   79   79   79    7   79   79   79    7 
  7 2015    79  109   79   10   79   79   79    7   79   79   79    7 
  8 2015    78  108   78   10   78   78   78    7   78   78   78    7 
  9 2015    77  107   77   10   77   77   77    7   77   77   77    7 
 10 2015    76  106   76   10   76   76   76    7   76   76   76    7 
 11 2015    75  105   75   10   75   75   75    7   75   75   75    7 
 12 2015    74  104   74   10   74   74   74    7   74   74   74    7 
  1 2016    73  103   73   10   73   73   73    7   73   73   73    7 
  2 2016    72  102   72   10   72   72   72    7   72   72   72    7 
  3 2016    71  101   71   10   71   71   71    7   71   71   71    7 
  4 2016    70  100   70   10   70   70   70    7   70   70   70    7 
  5 2016    69   99   69   10   69   69   69    7   69   69   69    7 
  6 2016    68   98   68   10   68   68   68    7   68   68   68    7 
  7 2016    67   97   67    9   67   67   67    6   67   67   67    6 
  8 2016    66   96   66    9   66   66   66    6   66   66   66    6 
  9 2016    65   95   65    9   65   65   65    6   65   65   65    6 
 10 2016    64   94   64    9   64   64   64    6   64   64   64    6 
 11 2016    63   93   63    9   63   63   63    6   63   63   63    6 
 12 2016    62   92   62    9   62   62   62    6   62   62   62    6 
  1 2017    61   91   61    9   61   61   61    6   61   61   61    6 
  2 2017    60   90   60    9   60   60   60    6   60   60   60    6 
  3 2017    59   89   59    9   59   59   59    6   59   59   59    6 
  4 2017    58   88   58    9   58   58   58    6   58   58   58    6 
  5 2017    58   88   58    9   58   58   58    6   58   58   58    6 
  6 2017    57   87   57    9   57   57   57    6   57   57   57    6 
  7 2017    56   86   56    9   56   56   56    6   56   56   56    6 
  8 2017    55   85   55    9   55   55   55    6   55   55   55    6 
  9 2017    55   85   55    9   55   55   55    6   55   55   55    6 
 10 2017    54   84   54    9   54   54   54    6   54   54   54    6 
 11 2017    53   83   53    8   53   53   53    5   53   53   53    5 
 12 2017    53   83   53    8   53   53   53    5   53   53   53    5 
  1 2018    52   82   52    8   52   52   52    5   52   52   52    5 
  2 2018    51   81   51    8   51   51   51    5   51   51   51    5 
  3 2018    50   80   50    8   50   50   50    5   50   50   50    5 
  4 2018    50   80   50    8   50   50   50    5   50   50   50    5 
  5 2018    49   79   49    8   49   49   49    5   49   49   49    5 
  6 2018    48   78   48    8   48   48   48    5   48   48   48    5 
  7 2018    48   78   48    8   48   48   48    5   48   48   48    5 
  8 2018    47   77   47    8   47   47   47    5   47   47   47    5 
  9 2018    47   77   47    8   47   47   47    5   47   47   47    5 
 10 2018    46   76   46    8   46   46   46    5   46   46   46    5 
 11 2018    46   76   46    8   46   46   46    5   46   46   46    5 
 12 2018    45   75   45    8   45   45   45    5   45   45   45    5 
  1 2019    45   75   45    8   45   45   45    5   45   45   45    5 
  2 2019    45   75   45    8   45   45   45    5   45   45   45    5 
  3 2019    44   74   44    8   44   44   44    5   44   44   44    5 
  4 2019    44   74   44    8   44   44   44    5   44   44   44    5 
  5 2019    44   74   44    8   44   44   44    5   44   44   44    5 
  6 2019    43   73   43    8   43   43   43    5   43   43   43    5 
  7 2019    43   73   43    8   43   43   43    5   43   43   43    5 
  8 2019    43   73   43    8   43   43   43    5   43   43   43    5 
  9 2019    42   72   42    8   42   42   42    5   42   42   42    5 
 10 2019    41   71   41    8   41   41   41    5   41   41   41    5 
 11 2019    40   70   40    8   40   40   40    5   40   40   40    5 
 12 2019    39   69   39    8   39   39   39    5   39   39   39    5 
  1 2020    39   69   39    8   39   39   39    5   39   39   39    5 
  2 2020    38   68   38    8   38   38   38    5   38   38   38    5 
  3 2020    38   68   38    8   38   38   38    5   38   38   38    5 
  4 2020    38   68   38    8   38   38   38    5   38   38   38    5 
  5 2020    38   68   38    8   38   38   38    5   38   38   38    5 
  6 2020    38   68   38    8   38   38   38    5   38   38   38    5 
  7 2020    39   69   39    8   39   39   39    5   39   39   39    5 
  8 2020    39   69   39    8   39   39   39    5   39   39   39    5 
  9 2020    40   70   40    8   40   40   40    5   40   40   40    5 
 10 2020    40   70   40    8   40   40   40    5   40   40   40    5 
 11 2020    41   71   41    8   41   41   41    5   41   41   41    5 
 12 2020    42   72   42    8   42   42   42    5   42   42   42    5 
  1 2021    43   73   43    8   43   43   43    5   43   43   43    5 
  2 2021    44   74   44    8   44   44   44    5   44   44   44    5 
  3 2021    45   75   45    8   45   45   45    5   45   45   45    5 
  4 2021    46   76   46    8   46   46   46    5   46   46   46    5 
  5 2021    47   77   47    8   47   47   47    5   47   47   47    5 
  6 2021    48   78   48    8   48   48   48    5   48   48   48    5 
  7 2021    50   80   50    8   50   50   50    5   50   50   50    5 
  8 2021    51   81   51    8   51   51   51    5   51   51   51    5 
  9 2021    52   82   52    8   52   52   52    5   52   52   52    5 
 10 2021    54   84   54    8   54   54   54    5   54   54   54    5 
 11 2021    56   86   56    8   56   56   56    5   56   56   56    5 
 12 2021    57   87   57    9   57   57   57    6   57   57   57    6 
  1 2022    59   89   59    9   59   59   59    6   59   59   59    6 
  2 2022    61   91   61    9   61   61   61    6   61   61   61    6 
  3 2022    63   93   63    9   63   63   63    6   63   63   63    6 
  4 2022    64   94   64    9   64   64   64    6   64   64   64    6 
  5 2022    66   96   66    9   66   66   66    6   66   66   66    6 
  6 2022    68   98   68    9   68   68   68    6   68   68   68    6 
  7 2022    70  100   70   10   70   70   70    7   70   70   70    7 
  8 2022    71  101   71   10   71   71   71    7   71   71   71    7 
  9 2022    73  103   73   10   73   73   73    7   73   73   73    7 
 10 2022    74  104   74   10   74   74   74    7   74   74   74    7 
 11 2022    76  106   76   10   76   76   76    7   76   76   76    7 
 12 2022    77  107   77   10   77   77   77    7   77   77   77    7 
  1 2023    79  109   79   10   79   79   79    7   79   79   79    7 
  2 2023    80  110   80   10   80   80   80    7   80   80   80    7 
  3 2023    82  112   82   10   82   82   82    7   82   82   82    7 
  4 2023    83  113   83   11   83   83   83    8   83   83   83    8 
  5 2023    84  114   84   11   84   84   84    8   84   84   84    8 
  6 2023    86  116   86   11   86   86   86    8   86   86   86    8 
  7 2023    87  117   87   11   87   87   87    8   87   87   87    8 
  8 2023    88  118   88   11   88   88   88    8   88   88   88    8 
  9 2023    90  120   90   11   90   90   90    8   90   90   90    8 
 10 2023    91  121   91   11   91   91   91    8   91   91   91    8 
 11 2023    92  122   92   11   92   92   92    8   92   92   92    8 
 12 2023    93  123   93   11   93   93   93    8   93   93   93    8 
  1 2024    94  124   94   11   94   94   94    8   94   94   94    8 
  2 2024    95  125   95   12   95   95   95    9   95   95   95    9 
  3 2024    95  125   95   12   95   95   95    9   95   95   95    9 
  4 2024    96  126   96   12   96   96   96    9   96   96   96    9 
  5 2024    96  126   96   12   96   96   96    9   96   96   96    9 
  6 2024    97  127   97   12   97   97   97    9   97   97   97    9 
  7 2024    97  127   97   12   97   97   97    9   97   97   97    9 
  8 2024    98  128   98   12   98   98   98    9   98   98   98    9 
  9 2024    98  128   98   12   98   98   98    9   98   98   98    9 
 10 2024    98  128   98   12   98   98   98    9   98   98   98    9 
 11 2024    98  128   98   12   98   98   98    9   98   98   98    9 
 12 2024    98  128   98   12   98   98   98    9   98   98   98    9 
  1 2025    99  129   99   12   99   99   99    9   99   99   99    9 
  2 2025    98  128   98   12   98   98   98    9   98   98   98    9 
  3 2025    98  128   98   12   98   98   98    9   98   98   98    9 
  4 2025    98  128   98   12   98   98   98    9   98   98   98    9 
  5 2025    98  128   98   12   98   98   98    9   98   98   98    9 
  6 2025    98  128   98   12   98   98   98    9   98   98   98    9 
  7 2025    97  127   97   12   97   97   97    9   97   97   97    9 
  8 2025    97  127   97   12   97   97   97    9   97   97   97    9 
  9 2025    97  127   97   12   97   97   97    9   97   97   97    9 
 10 2025    97  127   97   12   97   97   97    9   97   97   97    9 
 11 2025    96  126   96   12   96   96   96    9   96   96   96    9 
 12 2025    96  126   96   12   96   96   96    9   96   96   96    9 
  1 2026    95  125   95   12   95   95   95    9   95   95   95    9 
  2 2026    95  125   95   12   95   95   95    9   95   95   95    9 
  3 2026    94  124   94   12   94   94   94    9   94   94   94    9 
  4 2026    93  123   93   11   93   93   93    8   93   93   93    8 
  5 2026    92  122   92   11   92   92   92    8   92   92   92    8 
  6 2026    92  122   92   11   92   92   92    8   92   92   92    8 
  7 2026    91  121   91   11   91   91   91    8   91   91   91    8 
  8 2026    90  120   90   11   90   90   90    8   90   90   90    8 
  9 2026    89  119   89   11   89   89   89    8   89   89   89    8 
 10 2026    88  118   88   11   88   88   88    8   88   88   88    8 
 11 2026    87  117   87   11   87   87   87    8   87   87   87    8 
 12 2026    87  117   87   11   87   87   87    8   87   87   87    8 
  1 2027    86  116   86   11   86   86   86    8   86   86   86    8 
  2 2027    85  115   85   11   85   85   85    8   85   85   85    8 
  3 2027    84  114   84   11   84   84   84    8   84   84   84    8 
  4 2027    83  113   83   11   83   83   83    8   83   83   83    8 
  5 2027    82  112   82   11   82   82   82    8   82   82   82    8 
  6 2027    81  111   81   10   81   81   81    7   81   81   81    7 
  7 2027    80  110   80   10   80   80   80    7   80   80   80    7 
  8 2027    79  109   79   10   79   79   79    7   79   79   79    7 
  9 2027    78  108   78   10   78   78   78    7   78   78   78    7 
 10 2027    77  107   77   10   77   77   77    7   77   77   77    7 
 11 2027    76  106   76   10   76   76   76    7   76   76   76    7 
 12 2027    75  105   75   10   75   75   75    7   75   75   75    7 
  1 2028    74  104   74   10   74   74   74    7   74   74   74    7 
  2 2028    73  103   73   10   73   73   73    7   73   73   73    7 
  3 2028    72  102   72   10   72   72   72    7   72   72   72    7 
  4 2028    71  101   71   10   71   71   71    7   71   71   71    7 
  5 2028    70  100   70   10   70   70   70    7   70   70   70    7 
  6 2028    69   99   69   10   69   69   69    7   69   69   69    7 
  7 2028    68   98   68   10   68   68   68    7   68   68   68    7 
  8 2028    67   97   67   10   67   67   67    7   67   67   67    7 
  9 2028    66   96   66    9   66   66   66    6   66   66   66    6 
 10 2028    65   95   65    9   65   65   65    6   65   65   65    6 
 11 2028    65   95   65    9   65   65   65    6   65   65   65    6 
 12 2028    64   94   64    9   64   64   64    6   64   64   64    6 
  1 2029    63   93   63    9   63   63   63    6   63   63   63    6 
  2 2029    62   92   62    9   62   62   62    6   62   62   62    6 
  3 2029    61   91   61    9   61   61   61    6   61   61   61    6 
  4 2029    60   90   60    9   60   60   60    6   60   60   60    6 
  5 2029    59   89   59    9   59   59   59    6   59   59   59    6 
  6 2029    59   89   59    9   59   59   59    6   59   59   59    6 
  7 2029    58   88   58    9   58   58   58    6   58   58   58    6 
  8 2029    57   87   57    9   57   57   57    6   57   57   57    6 
  9 2029    56   86   56    9   56   56   56    6   56   56   56    6 
 10 2029    56   86   56    9   56   56   56    6   56   56   56    6 
 11 2029    55   85   55    9   55   55   55    6   55   55   55    6 
 12 2029    54   84   54    9   54   54   54    6   54   54   54    6 
  1 2030    54   84   54    9   54   54   54    6   54   54   54    6 
  2 2030    53   83   53    9   53   53   53    6   53   53   53    6 
  3 2030    53   83   53    9   53   53   53    6   53   53   53    6 
  4 2030    52   82   52    9   52   52   52    6   52   52   52    6 
  5 2030    52   82   52    8   52   52   52    5   52   52   52    5 
  6 2030    52   82   52    8   52   52   52    5   52   52   52    5 
  7 2030    51   81   51    8   51   51   51    5   51   51   51    5 
  8 2030    51   81   51    8   51   51   51    5   51   51   51    5 
  9 2030    51   81   51    8   51   51   51    5   51   51   51    5 
 10 2030    50   80   50    8   50   50   50    5   50   50   50    5 
 11 2030    50   80   50    8   50   50   50    5   50   50   50    5 
 12 2030    49   79   49    8   49   49   49    5   49   49   49    5 
  1 2031    49   79   49    8   49   49   49    5   49   49   49    5 
  2 2031    49   79   49    8   49   49   49    5   49   49   49    5 
  3 2031    48   78   48    8   48   48   48    5   48   48   48    5 
  4 2031    47   77   47    8   47   47   47    5   47   47   47    5 
  5 2031    46   76   46    8   46   46   46    5   46   46   46    5 
  6 2031    45   75   45    8   45   45   45    5   45   45   45    5 
  7 2031    44   74   44    8   44   44   44    5   44   44   44    5 
  8 2031    43   73   43    8   43   43   43    5   43   43   43    5 
  9 2031    43   73   43    8   43   43   43    5   43   43   43    5 
 10 2031    43   73   43    8   43   43   43    5   43   43   43    5 
 11 2031    43   73   43    8   43   43   43    5   43   43   43    5 
 12 2031    44   74   44    8   44   44   44    5   44   44   44    5 
  1 2032    44   74   44    8   44   44   44    5   44   44   44    5 
  2 2032    44   74   44    8   44   44   44    5   44   44   44    5 
  3 2032    45   75   45    8   45   45   45    5   45   45   45    5 
  4 2032    45   75   45    8   45   45   45    5   45   45   45    5 
  5 2032    46   76   46    8   46   46   46    5   46   46   46    5 
  6 2032    47   77   47    8   47   47   47    5   47   47   47    5 
  7 2032    48   78   48    8   48   48   48    5   48   48   48    5 
  8 2032    49   79   49    8   49   49   49    5   49   49   49    5 
  9 2032    50   80   50    8   50   50   50    5   50   50   50    5 
 10 2032    51   81   51    8   51   51   51    5   51   51   51    5 
 11 2032    52   82   52    8   52   52   52    5   52   52   52    5 
 12 2032    53   83   53    8   53   53   53    5   53   53   53    5 
  1 2033    55   85   55    8   55   55   55    5   55   55   55    5 
  2 2033    56   86   56    9   56   56   56    6   56   56   56    6 
  3 2033    58   88   58    9   58   58   58    6   58   58   58    6 
  4 2033    60   90   60    9   60   60   60    6   60   60   60    6 
  5 2033    61   91   61    9   61   61   61    6   61   61   61    6 
  6 2033    63   93   63    9   63   63   63    6   63   63   63    6 
  7 2033    65   95   65    9   65   65   65    6   65   65   65    6 
  8 2033    66   96   66    9   66   66   66    6   66   66   66    6 
  9 2033    68   98   68    9   68   68   68    6   68   68   68    6 
 10 2033    70  100   70   10   70   70   70    7   70   70   70    7 
 11 2033    71  101   71   10   71   71   71    7   71   71   71    7 
 12 2033    73  103   73   10   73   73   73    7   73   73   73    7 
  1 2034    75  105   75   10   75   75   75    7   75   75   75    7 
  2 2034    76  106   76   10   76   76   76    7   76   76   76    7 
  3 2034    78  108   78   10   78   78   78    7   78   78   78    7 
  4 2034    79  109   79   10   79   79   79    7   79   79   79    7 
  5 2034    81  111   81   10   81   81   81    7   81   81   81    7 
  6 2034    82  112   82   10   82   82   82    7   82   82   82    7 
  7 2034    84  114   84   11   84   84   84    8   84   84   84    8 
  8 2034    85  115   85   11   85   85   85    8   85   85   85    8 
  9 2034    87  117   87   11   87   87   87    8   87   87   87    8 
 10 2034    88  118   88   11   88   88   88    8   88   88   88    8 
 11 2034    89  119   89   11   89   89   89    8   89   89   89    8 
 12 2034    91  121   91   11   91   91   91    8   91   91   91    8 
  1 2035    92  122   92   11   92   92   92    8   92   92   92    8 
  2 2035    93  123   93   11   93   93   93    8   93   93   93    8 
  3 2035    94  124   94   11   94   94   94    8   94   94   94    8 
  4 2035    95  125   95   12   95   95   95    9   95   95   95    9 
  5 2035    96  126   96   12   96   96   96    9   96   96   96    9 
  6 2035    97  127   97   12   97   97   97    9   97   97   97    9 
  7 2035    98  128   98   12   98   98   98    9   98   98   98    9 
  8 2035    99  129   99   12   99   99   99    9   99   99   99    9 
  9 2035    99  129   99   12   99   99   99    9   99   99   99    9 
 10 2035   100  130  100   12  100  100  100    9  100  100  100    9 
 11 2035   100  130  100   12  100  100  100    9  100  100  100    9 
 12 2035   101  131  101   12  101  101  101    9  101  101  101    9 
  1 2036   101  131  101   12  101  101  101    9  101  101  101    9 
  2 2036   102  132  102   12  102  102  102    9  102  102  102    9 
  3 2036   102  132  102   12  102  102  102    9  102  102  102    9 
  4 2036   102  132  102   12  102  102  102    9  102  102  102    9 
  5 2036   103  133  103   12  103  103  103    9  103  103  103    9 
  6 2036   103  133  103   12  103  103  103    9  103  103  103    9 
  7 2036   103  133  103   12  103  103  103    9  103  103  103    9 
  8 2036   103  133  103   12  103  103  103    9  103  103  103    9 
  9 2036   103  133  103   12  103  103  103    9  103  103  103    9 
 10 2036   103  133  103   12  103  103  103    9  103  103  103    9 
 11 2036   103  133  103   12  103  103  103    9  103  103  103    9 
 12 2036   103  133  103   12  103  103  103    9  103  103  103    9 
  1 2037   102  132  102   12  102  102  102    9  102  102  102    9 
  2 2037   102  132  102   12  102  102  102    9  102  102  102    9 
  3 2037   101  131  101   12  101  101  101    9  101  101  101    9 
  4 2037   101  131  101   12  101  101  101    9  101  101  101    9 
  5 2037   100  130  100   12  100  100  100    9  100  100  100    9 
  6 2037   100  130  100   12  100  100  100    9  100  100  100    9 
  7 2037    99  129   99   12   99   99   99    9   99   99   99    9 
  8 2037    99  129   99   12   99   99   99    9   99   99   99    9 
  9 2037    98  128   98   12   98   98   98    9   98   98   98    9 
 10 2037    97  127   97   12   97   97   97    9   97   97   97    9 
 11 2037    96  126   96   12   96   96   96    9   96   96   96    9 
 12 2037    96  126   96   12   96   96   96    9   96   96   96    9 
  1 2038    95  125   95   12   95   95   95    9   95   95   95    9 
  2 2038    94  124   94   12   94   94   94    9   94   94   94    9 
  3 2038    93  123   93   11   93   93   93    8   93   93   93    8 
  4 2038    92  122   92   11   92   92   92    8   92   92   92    8 
  5 2038    91  121   91   11   91   91   91    8   91   91   91    8 
  6 2038    91  121   91   11   91   91   91    8   91   91   91    8 
  7 2038    90  120   90   11   90   90   90    8   90   90   90    8 
  8 2038    89  119   89   11   89   89   89    8   89   89   89    8 
  9 2038    88  118   88   11   88   88   88    8   88   88   88    8 
 10 2038    87  117   87   11   87   87   87    8   87   87   87    8 
 11 2038    86  116   86   11   86   86   86    8   86   86   86    8 
 12 2038    85  115   85   11   85   85   85    8   85   85   85    8 
  1 2039    84  114   84   11   84   84   84    8   84   84   84    8 
  2 2039    83  113   83   11   83   83   83    8   83   83   83    8 
  3 2039    81  111   81   10   81   81   81    7   81   81   81    7 
  4 2039    80  110   80   10   80   80   80    7   80   80   80    7 
  5 2039    79  109   79   10   79   79   79    7   79   79   79    7 
  6 2039    78  108   78   10   78   78   78    7   78   78   78    7 
  7 2039    77  107   77   10   77   77   77    7   77   77   77    7 
  8 2039    76  106   76   10   76   76   76    7   76   76   76    7 
  9 2039    75  105   75   10   75   75   75    7   75   75   75    7 
 10 2039    74  104   74   10   74   74   74    7   74   74   74    7 
 11 2039    73  103   73   10   73   73   73    7   73   73   73    7 
 12 2039    72  102   72   10   72   72   72    7   72   72   72    7 
  1 2040    71  101   71   10   71   71   71    7   71   71   71    7 
  2 2040    70  100   70   10   70   70   70    7   70   70   70    7 
  3 2040    69   99   69   10   69   69   69    7   69   69   69    7 
  4 2040    68   98   68   10   68   68   68    7   68   68   68    7 
  5 2040    68   98   68   10   68   68   68    7   68   68   68    7 
  6 2040    67   97   67   10   67   67   67    7   67   67   67    7 
  7 2040    66   96   66   10   66   66   66    7   66   66   66    7 
  8 2040    65   95   65    9   65   65   65    6   65   65   65    6 
  9 2040    65   95   65    9   65   65   65    6   65   65   65    6 
 10 2040    64   94   64    9   64   64   64    6   64   64   64    6 
 11 2040    63   93   63    9   63   63   63    6   63   63   63    6 
 12 2040    63   93   63    9   63   63   63    6   63   63   63    6 
  1 2041    62   92   62    9   62   62   62    6   62   62   62    6 
END_DATA