PREDICTED SOLAR DATA

FORMAT(I3,I5,I6,11I5)

           NOMINAL TIMING      EARLY TIMING        LATE TIMING      
 mo. yr.  mean +2sig -2sig ap mean +2sig -2sig ap mean +2sig -2sig ap
BEGIN_DATA 
  6 2012    84   84   84    8   84   84   84    8   84   84  114   11 
  7 2012    85   85   85    8   85   85   85    8   85   85  115   11 
  8 2012    86   86   86    8   86   86   86    8   86   86  116   11 
  9 2012    86   86   86    8   86   86   86    8   86   86  116   11 
 10 2012    87   87   87    8   87   87   87    8   87   87  117   11 
 11 2012    87   87   87    8   87   87   87    8   87   87  117   11 
 12 2012    88   88   88    8   88   88   88    8   88   88  118   11 
  1 2013    89   89   89    8   89   89   89    8   89   89  119   11 
  2 2013    89   89   89    8   89   89   89    8   89   89  119   11 
  3 2013    90   90   90    8   90   90   90    8   90   90  120   11 
  4 2013    90   90   90    8   90   90   90    8   90   90  120   11 
  5 2013    90   90   90    8   90   90   90    8   90   90  120   11 
  6 2013    90   90   90    8   90   90   90    8   90   90  120   11 
  7 2013    91   91   91    8   91   91   91    8   91   91  121   11 
  8 2013    90   90   90    8   90   90   90    8   90   90  120   11 
  9 2013    90   90   90    8   90   90   90    8   90   90  120   11 
 10 2013    90   90   90    8   90   90   90    8   90   90  120   11 
 11 2013    90   90   90    8   90   90   90    8   90   90  120   11 
 12 2013    90   90   90    8   90   90   90    8   90   90  120   11 
  1 2014    90   90   90    8   90   90   90    8   90   90  120   11 
  2 2014    89   89   89    8   89   89   89    8   89   89  119   11 
  3 2014    89   89   89    8   89   89   89    8   89   89  119   11 
  4 2014    89   89   89    8   89   89   89    8   89   89  119   11 
  5 2014    88   88   88    8   88   88   88    8   88   88  118   11 
  6 2014    88   88   88    8   88   88   88    8   88   88  118   11 
  7 2014    87   87   87    8   87   87   87    8   87   87  117   11 
  8 2014    87   87   87    8   87   87   87    8   87   87  117   11 
  9 2014    86   86   86    8   86   86   86    8   86   86  116   11 
 10 2014    85   85   85    8   85   85   85    8   85   85  115   11 
 11 2014    84   84   84    8   84   84   84    8   84   84  114   11 
 12 2014    84   84   84    8   84   84   84    8   84   84  114   11 
  1 2015    83   83   83    8   83   83   83    8   83   83  113   11 
  2 2015    82   82   82    8   82   82   82    8   82   82  112   11 
  3 2015    82   82   82    8   82   82   82    8   82   82  112   11 
  4 2015    81   81   81    8   81   81   81    8   81   81  111   11 
  5 2015    80   80   80    7   80   80   80    7   80   80  110   10 
  6 2015    79   79   79    7   79   79   79    7   79   79  109   10 
  7 2015    79   79   79    7   79   79   79    7   79   79  109   10 
  8 2015    78   78   78    7   78   78   78    7   78   78  108   10 
  9 2015    77   77   77    7   77   77   77    7   77   77  107   10 
 10 2015    76   76   76    7   76   76   76    7   76   76  106   10 
 11 2015    75   75   75    7   75   75   75    7   75   75  105   10 
 12 2015    74   74   74    7   74   74   74    7   74   74  104   10 
  1 2016    73   73   73    7   73   73   73    7   73   73  103   10 
  2 2016    72   72   72    7   72   72   72    7   72   72  102   10 
  3 2016    71   71   71    7   71   71   71    7   71   71  101   10 
  4 2016    70   70   70    7   70   70   70    7   70   70  100   10 
  5 2016    69   69   69    7   69   69   69    7   69   69   99   10 
  6 2016    68   68   68    7   68   68   68    7   68   68   98   10 
  7 2016    67   67   67    6   67   67   67    6   67   67   97    9 
  8 2016    66   66   66    6   66   66   66    6   66   66   96    9 
  9 2016    65   65   65    6   65   65   65    6   65   65   95    9 
 10 2016    64   64   64    6   64   64   64    6   64   64   94    9 
 11 2016    63   63   63    6   63   63   63    6   63   63   93    9 
 12 2016    62   62   62    6   62   62   62    6   62   62   92    9 
  1 2017    61   61   61    6   61   61   61    6   61   61   91    9 
  2 2017    60   60   60    6   60   60   60    6   60   60   90    9 
  3 2017    59   59   59    6   59   59   59    6   59   59   89    9 
  4 2017    58   58   58    6   58   58   58    6   58   58   88    9 
  5 2017    58   58   58    6   58   58   58    6   58   58   88    9 
  6 2017    57   57   57    6   57   57   57    6   57   57   87    9 
  7 2017    56   56   56    6   56   56   56    6   56   56   86    9 
  8 2017    55   55   55    6   55   55   55    6   55   55   85    9 
  9 2017    55   55   55    6   55   55   55    6   55   55   85    9 
 10 2017    54   54   54    6   54   54   54    6   54   54   84    9 
 11 2017    53   53   53    5   53   53   53    5   53   53   83    8 
 12 2017    53   53   53    5   53   53   53    5   53   53   83    8 
  1 2018    52   52   52    5   52   52   52    5   52   52   82    8 
  2 2018    51   51   51    5   51   51   51    5   51   51   81    8 
  3 2018    50   50   50    5   50   50   50    5   50   50   80    8 
  4 2018    50   50   50    5   50   50   50    5   50   50   80    8 
  5 2018    49   49   49    5   49   49   49    5   49   49   79    8 
  6 2018    48   48   48    5   48   48   48    5   48   48   78    8 
  7 2018    48   48   48    5   48   48   48    5   48   48   78    8 
  8 2018    47   47   47    5   47   47   47    5   47   47   77    8 
  9 2018    47   47   47    5   47   47   47    5   47   47   77    8 
 10 2018    46   46   46    5   46   46   46    5   46   46   76    8 
 11 2018    46   46   46    5   46   46   46    5   46   46   76    8 
 12 2018    45   45   45    5   45   45   45    5   45   45   75    8 
  1 2019    45   45   45    5   45   45   45    5   45   45   75    8 
  2 2019    45   45   45    5   45   45   45    5   45   45   75    8 
  3 2019    44   44   44    5   44   44   44    5   44   44   74    8 
  4 2019    44   44   44    5   44   44   44    5   44   44   74    8 
  5 2019    44   44   44    5   44   44   44    5   44   44   74    8 
  6 2019    43   43   43    5   43   43   43    5   43   43   73    8 
  7 2019    43   43   43    5   43   43   43    5   43   43   73    8 
  8 2019    43   43   43    5   43   43   43    5   43   43   73    8 
  9 2019    42   42   42    5   42   42   42    5   42   42   72    8 
 10 2019    41   41   41    5   41   41   41    5   41   41   71    8 
 11 2019    40   40   40    5   40   40   40    5   40   40   70    8 
 12 2019    39   39   39    5   39   39   39    5   39   39   69    8 
  1 2020    39   39   39    5   39   39   39    5   39   39   69    8 
  2 2020    38   38   38    5   38   38   38    5   38   38   68    8 
  3 2020    38   38   38    5   38   38   38    5   38   38   68    8 
  4 2020    38   38   38    5   38   38   38    5   38   38   68    8 
  5 2020    38   38   38    5   38   38   38    5   38   38   68    8 
  6 2020    38   38   38    5   38   38   38    5   38   38   68    8 
  7 2020    39   39   39    5   39   39   39    5   39   39   69    8 
  8 2020    39   39   39    5   39   39   39    5   39   39   69    8 
  9 2020    40   40   40    5   40   40   40    5   40   40   70    8 
 10 2020    40   40   40    5   40   40   40    5   40   40   70    8 
 11 2020    41   41   41    5   41   41   41    5   41   41   71    8 
 12 2020    42   42   42    5   42   42   42    5   42   42   72    8 
  1 2021    43   43   43    5   43   43   43    5   43   43   73    8 
  2 2021    44   44   44    5   44   44   44    5   44   44   74    8 
  3 2021    45   45   45    5   45   45   45    5   45   45   75    8 
  4 2021    46   46   46    5   46   46   46    5   46   46   76    8 
  5 2021    47   47   47    5   47   47   47    5   47   47   77    8 
  6 2021    48   48   48    5   48   48   48    5   48   48   78    8 
  7 2021    50   50   50    5   50   50   50    5   50   50   80    8 
  8 2021    51   51   51    5   51   51   51    5   51   51   81    8 
  9 2021    52   52   52    5   52   52   52    5   52   52   82    8 
 10 2021    54   54   54    5   54   54   54    5   54   54   84    8 
 11 2021    56   56   56    5   56   56   56    5   56   56   86    8 
 12 2021    57   57   57    6   57   57   57    6   57   57   87    9 
  1 2022    59   59   59    6   59   59   59    6   59   59   89    9 
  2 2022    61   61   61    6   61   61   61    6   61   61   91    9 
  3 2022    63   63   63    6   63   63   63    6   63   63   93    9 
  4 2022    64   64   64    6   64   64   64    6   64   64   94    9 
  5 2022    66   66   66    6   66   66   66    6   66   66   96    9 
  6 2022    68   68   68    6   68   68   68    6   68   68   98    9 
  7 2022    70   70   70    7   70   70   70    7   70   70  100   10 
  8 2022    71   71   71    7   71   71   71    7   71   71  101   10 
  9 2022    73   73   73    7   73   73   73    7   73   73  103   10 
 10 2022    74   74   74    7   74   74   74    7   74   74  104   10 
 11 2022    76   76   76    7   76   76   76    7   76   76  106   10 
 12 2022    77   77   77    7   77   77   77    7   77   77  107   10 
  1 2023    79   79   79    7   79   79   79    7   79   79  109   10 
  2 2023    80   80   80    7   80   80   80    7   80   80  110   10 
  3 2023    82   82   82    7   82   82   82    7   82   82  112   10 
  4 2023    83   83   83    8   83   83   83    8   83   83  113   11 
  5 2023    84   84   84    8   84   84   84    8   84   84  114   11 
  6 2023    86   86   86    8   86   86   86    8   86   86  116   11 
  7 2023    87   87   87    8   87   87   87    8   87   87  117   11 
  8 2023    88   88   88    8   88   88   88    8   88   88  118   11 
  9 2023    90   90   90    8   90   90   90    8   90   90  120   11 
 10 2023    91   91   91    8   91   91   91    8   91   91  121   11 
 11 2023    92   92   92    8   92   92   92    8   92   92  122   11 
 12 2023    93   93   93    8   93   93   93    8   93   93  123   11 
  1 2024    94   94   94    8   94   94   94    8   94   94  124   11 
  2 2024    95   95   95    9   95   95   95    9   95   95  125   12 
  3 2024    95   95   95    9   95   95   95    9   95   95  125   12 
  4 2024    96   96   96    9   96   96   96    9   96   96  126   12 
  5 2024    96   96   96    9   96   96   96    9   96   96  126   12 
  6 2024    97   97   97    9   97   97   97    9   97   97  127   12 
  7 2024    97   97   97    9   97   97   97    9   97   97  127   12 
  8 2024    98   98   98    9   98   98   98    9   98   98  128   12 
  9 2024    98   98   98    9   98   98   98    9   98   98  128   12 
 10 2024    98   98   98    9   98   98   98    9   98   98  128   12 
 11 2024    98   98   98    9   98   98   98    9   98   98  128   12 
 12 2024    98   98   98    9   98   98   98    9   98   98  128   12 
  1 2025    99   99   99    9   99   99   99    9   99   99  129   12 
  2 2025    98   98   98    9   98   98   98    9   98   98  128   12 
  3 2025    98   98   98    9   98   98   98    9   98   98  128   12 
  4 2025    98   98   98    9   98   98   98    9   98   98  128   12 
  5 2025    98   98   98    9   98   98   98    9   98   98  128   12 
  6 2025    98   98   98    9   98   98   98    9   98   98  128   12 
  7 2025    97   97   97    9   97   97   97    9   97   97  127   12 
  8 2025    97   97   97    9   97   97   97    9   97   97  127   12 
  9 2025    97   97   97    9   97   97   97    9   97   97  127   12 
 10 2025    97   97   97    9   97   97   97    9   97   97  127   12 
 11 2025    96   96   96    9   96   96   96    9   96   96  126   12 
 12 2025    96   96   96    9   96   96   96    9   96   96  126   12 
  1 2026    95   95   95    9   95   95   95    9   95   95  125   12 
  2 2026    95   95   95    9   95   95   95    9   95   95  125   12 
  3 2026    94   94   94    9   94   94   94    9   94   94  124   12 
  4 2026    93   93   93    8   93   93   93    8   93   93  123   11 
  5 2026    92   92   92    8   92   92   92    8   92   92  122   11 
  6 2026    92   92   92    8   92   92   92    8   92   92  122   11 
  7 2026    91   91   91    8   91   91   91    8   91   91  121   11 
  8 2026    90   90   90    8   90   90   90    8   90   90  120   11 
  9 2026    89   89   89    8   89   89   89    8   89   89  119   11 
 10 2026    88   88   88    8   88   88   88    8   88   88  118   11 
 11 2026    87   87   87    8   87   87   87    8   87   87  117   11 
 12 2026    87   87   87    8   87   87   87    8   87   87  117   11 
  1 2027    86   86   86    8   86   86   86    8   86   86  116   11 
  2 2027    85   85   85    8   85   85   85    8   85   85  115   11 
  3 2027    84   84   84    8   84   84   84    8   84   84  114   11 
  4 2027    83   83   83    8   83   83   83    8   83   83  113   11 
  5 2027    82   82   82    8   82   82   82    8   82   82  112   11 
  6 2027    81   81   81    7   81   81   81    7   81   81  111   10 
  7 2027    80   80   80    7   80   80   80    7   80   80  110   10 
  8 2027    79   79   79    7   79   79   79    7   79   79  109   10 
  9 2027    78   78   78    7   78   78   78    7   78   78  108   10 
 10 2027    77   77   77    7   77   77   77    7   77   77  107   10 
 11 2027    76   76   76    7   76   76   76    7   76   76  106   10 
 12 2027    75   75   75    7   75   75   75    7   75   75  105   10 
  1 2028    74   74   74    7   74   74   74    7   74   74  104   10 
  2 2028    73   73   73    7   73   73   73    7   73   73  103   10 
  3 2028    72   72   72    7   72   72   72    7   72   72  102   10 
  4 2028    71   71   71    7   71   71   71    7   71   71  101   10 
  5 2028    70   70   70    7   70   70   70    7   70   70  100   10 
  6 2028    69   69   69    7   69   69   69    7   69   69   99   10 
  7 2028    68   68   68    7   68   68   68    7   68   68   98   10 
  8 2028    67   67   67    7   67   67   67    7   67   67   97   10 
  9 2028    66   66   66    6   66   66   66    6   66   66   96    9 
 10 2028    65   65   65    6   65   65   65    6   65   65   95    9 
 11 2028    65   65   65    6   65   65   65    6   65   65   95    9 
 12 2028    64   64   64    6   64   64   64    6   64   64   94    9 
  1 2029    63   63   63    6   63   63   63    6   63   63   93    9 
  2 2029    62   62   62    6   62   62   62    6   62   62   92    9 
  3 2029    61   61   61    6   61   61   61    6   61   61   91    9 
  4 2029    60   60   60    6   60   60   60    6   60   60   90    9 
  5 2029    59   59   59    6   59   59   59    6   59   59   89    9 
  6 2029    59   59   59    6   59   59   59    6   59   59   89    9 
  7 2029    58   58   58    6   58   58   58    6   58   58   88    9 
  8 2029    57   57   57    6   57   57   57    6   57   57   87    9 
  9 2029    56   56   56    6   56   56   56    6   56   56   86    9 
 10 2029    56   56   56    6   56   56   56    6   56   56   86    9 
 11 2029    55   55   55    6   55   55   55    6   55   55   85    9 
 12 2029    54   54   54    6   54   54   54    6   54   54   84    9 
  1 2030    54   54   54    6   54   54   54    6   54   54   84    9 
  2 2030    53   53   53    6   53   53   53    6   53   53   83    9 
  3 2030    53   53   53    6   53   53   53    6   53   53   83    9 
  4 2030    52   52   52    6   52   52   52    6   52   52   82    9 
  5 2030    52   52   52    5   52   52   52    5   52   52   82    8 
  6 2030    52   52   52    5   52   52   52    5   52   52   82    8 
  7 2030    51   51   51    5   51   51   51    5   51   51   81    8 
  8 2030    51   51   51    5   51   51   51    5   51   51   81    8 
  9 2030    51   51   51    5   51   51   51    5   51   51   81    8 
 10 2030    50   50   50    5   50   50   50    5   50   50   80    8 
 11 2030    50   50   50    5   50   50   50    5   50   50   80    8 
 12 2030    49   49   49    5   49   49   49    5   49   49   79    8 
  1 2031    49   49   49    5   49   49   49    5   49   49   79    8 
  2 2031    49   49   49    5   49   49   49    5   49   49   79    8 
  3 2031    48   48   48    5   48   48   48    5   48   48   78    8 
  4 2031    47   47   47    5   47   47   47    5   47   47   77    8 
  5 2031    46   46   46    5   46   46   46    5   46   46   76    8 
  6 2031    45   45   45    5   45   45   45    5   45   45   75    8 
  7 2031    44   44   44    5   44   44   44    5   44   44   74    8 
  8 2031    43   43   43    5   43   43   43    5   43   43   73    8 
  9 2031    43   43   43    5   43   43   43    5   43   43   73    8 
 10 2031    43   43   43    5   43   43   43    5   43   43   73    8 
 11 2031    43   43   43    5   43   43   43    5   43   43   73    8 
 12 2031    44   44   44    5   44   44   44    5   44   44   74    8 
  1 2032    44   44   44    5   44   44   44    5   44   44   74    8 
  2 2032    44   44   44    5   44   44   44    5   44   44   74    8 
  3 2032    45   45   45    5   45   45   45    5   45   45   75    8 
  4 2032    45   45   45    5   45   45   45    5   45   45   75    8 
  5 2032    46   46   46    5   46   46   46    5   46   46   76    8 
  6 2032    47   47   47    5   47   47   47    5   47   47   77    8 
  7 2032    48   48   48    5   48   48   48    5   48   48   78    8 
  8 2032    49   49   49    5   49   49   49    5   49   49   79    8 
  9 2032    50   50   50    5   50   50   50    5   50   50   80    8 
 10 2032    51   51   51    5   51   51   51    5   51   51   81    8 
 11 2032    52   52   52    5   52   52   52    5   52   52   82    8 
 12 2032    53   53   53    5   53   53   53    5   53   53   83    8 
  1 2033    55   55   55    5   55   55   55    5   55   55   85    8 
  2 2033    56   56   56    6   56   56   56    6   56   56   86    9 
  3 2033    58   58   58    6   58   58   58    6   58   58   88    9 
  4 2033    60   60   60    6   60   60   60    6   60   60   90    9 
  5 2033    61   61   61    6   61   61   61    6   61   61   91    9 
  6 2033    63   63   63    6   63   63   63    6   63   63   93    9 
  7 2033    65   65   65    6   65   65   65    6   65   65   95    9 
  8 2033    66   66   66    6   66   66   66    6   66   66   96    9 
  9 2033    68   68   68    6   68   68   68    6   68   68   98    9 
 10 2033    70   70   70    7   70   70   70    7   70   70  100   10 
 11 2033    71   71   71    7   71   71   71    7   71   71  101   10 
 12 2033    73   73   73    7   73   73   73    7   73   73  103   10 
  1 2034    75   75   75    7   75   75   75    7   75   75  105   10 
  2 2034    76   76   76    7   76   76   76    7   76   76  106   10 
  3 2034    78   78   78    7   78   78   78    7   78   78  108   10 
  4 2034    79   79   79    7   79   79   79    7   79   79  109   10 
  5 2034    81   81   81    7   81   81   81    7   81   81  111   10 
  6 2034    82   82   82    7   82   82   82    7   82   82  112   10 
  7 2034    84   84   84    8   84   84   84    8   84   84  114   11 
  8 2034    85   85   85    8   85   85   85    8   85   85  115   11 
  9 2034    87   87   87    8   87   87   87    8   87   87  117   11 
 10 2034    88   88   88    8   88   88   88    8   88   88  118   11 
 11 2034    89   89   89    8   89   89   89    8   89   89  119   11 
 12 2034    91   91   91    8   91   91   91    8   91   91  121   11 
  1 2035    92   92   92    8   92   92   92    8   92   92  122   11 
  2 2035    93   93   93    8   93   93   93    8   93   93  123   11 
  3 2035    94   94   94    8   94   94   94    8   94   94  124   11 
  4 2035    95   95   95    9   95   95   95    9   95   95  125   12 
  5 2035    96   96   96    9   96   96   96    9   96   96  126   12 
  6 2035    97   97   97    9   97   97   97    9   97   97  127   12 
  7 2035    98   98   98    9   98   98   98    9   98   98  128   12 
  8 2035    99   99   99    9   99   99   99    9   99   99  129   12 
  9 2035    99   99   99    9   99   99   99    9   99   99  129   12 
 10 2035   100  100  100    9  100  100  100    9  100  100  130   12 
 11 2035   100  100  100    9  100  100  100    9  100  100  130   12 
 12 2035   101  101  101    9  101  101  101    9  101  101  131   12 
  1 2036   101  101  101    9  101  101  101    9  101  101  131   12 
  2 2036   102  102  102    9  102  102  102    9  102  102  132   12 
  3 2036   102  102  102    9  102  102  102    9  102  102  132   12 
  4 2036   102  102  102    9  102  102  102    9  102  102  132   12 
  5 2036   103  103  103    9  103  103  103    9  103  103  133   12 
  6 2036   103  103  103    9  103  103  103    9  103  103  133   12 
  7 2036   103  103  103    9  103  103  103    9  103  103  133   12 
  8 2036   103  103  103    9  103  103  103    9  103  103  133   12 
  9 2036   103  103  103    9  103  103  103    9  103  103  133   12 
 10 2036   103  103  103    9  103  103  103    9  103  103  133   12 
 11 2036   103  103  103    9  103  103  103    9  103  103  133   12 
 12 2036   103  103  103    9  103  103  103    9  103  103  133   12 
  1 2037   102  102  102    9  102  102  102    9  102  102  132   12 
  2 2037   102  102  102    9  102  102  102    9  102  102  132   12 
  3 2037   101  101  101    9  101  101  101    9  101  101  131   12 
  4 2037   101  101  101    9  101  101  101    9  101  101  131   12 
  5 2037   100  100  100    9  100  100  100    9  100  100  130   12 
  6 2037   100  100  100    9  100  100  100    9  100  100  130   12 
  7 2037    99   99   99    9   99   99   99    9   99   99  129   12 
  8 2037    99   99   99    9   99   99   99    9   99   99  129   12 
  9 2037    98   98   98    9   98   98   98    9   98   98  128   12 
 10 2037    97   97   97    9   97   97   97    9   97   97  127   12 
 11 2037    96   96   96    9   96   96   96    9   96   96  126   12 
 12 2037    96   96   96    9   96   96   96    9   96   96  126   12 
  1 2038    95   95   95    9   95   95   95    9   95   95  125   12 
  2 2038    94   94   94    9   94   94   94    9   94   94  124   12 
  3 2038    93   93   93    8   93   93   93    8   93   93  123   11 
  4 2038    92   92   92    8   92   92   92    8   92   92  122   11 
  5 2038    91   91   91    8   91   91   91    8   91   91  121   11 
  6 2038    91   91   91    8   91   91   91    8   91   91  121   11 
  7 2038    90   90   90    8   90   90   90    8   90   90  120   11 
  8 2038    89   89   89    8   89   89   89    8   89   89  119   11 
  9 2038    88   88   88    8   88   88   88    8   88   88  118   11 
 10 2038    87   87   87    8   87   87   87    8   87   87  117   11 
 11 2038    86   86   86    8   86   86   86    8   86   86  116   11 
 12 2038    85   85   85    8   85   85   85    8   85   85  115   11 
  1 2039    84   84   84    8   84   84   84    8   84   84  114   11 
  2 2039    83   83   83    8   83   83   83    8   83   83  113   11 
  3 2039    81   81   81    7   81   81   81    7   81   81  111   10 
  4 2039    80   80   80    7   80   80   80    7   80   80  110   10 
  5 2039    79   79   79    7   79   79   79    7   79   79  109   10 
  6 2039    78   78   78    7   78   78   78    7   78   78  108   10 
  7 2039    77   77   77    7   77   77   77    7   77   77  107   10 
  8 2039    76   76   76    7   76   76   76    7   76   76  106   10 
  9 2039    75   75   75    7   75   75   75    7   75   75  105   10 
 10 2039    74   74   74    7   74   74   74    7   74   74  104   10 
 11 2039    73   73   73    7   73   73   73    7   73   73  103   10 
 12 2039    72   72   72    7   72   72   72    7   72   72  102   10 
  1 2040    71   71   71    7   71   71   71    7   71   71  101   10 
  2 2040    70   70   70    7   70   70   70    7   70   70  100   10 
  3 2040    69   69   69    7   69   69   69    7   69   69   99   10 
  4 2040    68   68   68    7   68   68   68    7   68   68   98   10 
  5 2040    68   68   68    7   68   68   68    7   68   68   98   10 
  6 2040    67   67   67    7   67   67   67    7   67   67   97   10 
  7 2040    66   66   66    7   66   66   66    7   66   66   96   10 
  8 2040    65   65   65    6   65   65   65    6   65   65   95    9 
  9 2040    65   65   65    6   65   65   65    6   65   65   95    9 
 10 2040    64   64   64    6   64   64   64    6   64   64   94    9 
 11 2040    63   63   63    6   63   63   63    6   63   63   93    9 
 12 2040    63   63   63    6   63   63   63    6   63   63   93    9 
  1 2041    62   62   62    6   62   62   62    6   62   62   92    9 
END_DATA