  0.996040E+00 0.385528E-01 0.303445E-02-0.105531E+00-0.607134E-02
 -0.516278E-03-0.115622E+00 0.202240E-02 0.990156E-02-0.127371E+00
 -0.302449E-01 0.123512E-01-0.526277E-02-0.845398E+01 0.000000E+00
  0.142370E-01 0.000000E+00 0.125818E+03 0.805486E-02 0.164419E-02
 -0.621452E-05 0.311701E-02 0.000000E+00 0.386578E-02 0.132397E+00
  0.213315E+00 0.000000E+00 0.000000E+00 0.000000E+00-0.641110E-05
  0.000000E+00 0.300150E+02 0.533297E-02 0.389146E-02 0.204725E-02
  0.000000E+00 0.000000E+00-0.192645E-01 0.275905E+01 0.147284E-02
  0.341345E-03-0.117388E-02-0.354589E-03 0.113139E+00 0.169134E+00
  0.508295E-02 0.365016E-04 0.426385E-02 0.115102E-03 0.511819E-02
  0.609108E-02 0.404995E-04 0.153049E-02 0.241470E-04 0.230764E-02
  0.155267E-02 0.133722E-02-0.182318E-02-0.263007E+03 0.000000E+00
  0.137337E-02 0.995774E-03 0.000000E+00-0.108983E+03 0.562606E-02
  0.594053E-02 0.109358E-02 0.000000E+00-0.133410E-01-0.243409E-01
 -0.135688E-01 0.311370E+05 0.000000E+00 0.000000E+00 0.000000E+00
 -0.283023E+04 0.845583E-03 0.538706E-03 0.000000E+00 0.247956E+03
  0.292246E-02 0.000000E+00 0.000000E+00 0.747703E-04 0.887993E-03
  0.000000E+00 0.000000E+00 0.000000E+00 0.000000E+00 0.000000E+00
 -0.116540E-01-0.449173E-02-0.353189E-03-0.173933E-03-0.153218E-03
 -0.565411E+00 0.777272E-02-0.911784E+02 0.645187E-03 0.000000E+00
 -0.837685E-03 0.242318E-02 0.473796E-02-0.301801E-02-0.423564E-02
 -0.248289E-02 0.919286E-03 0.216372E-02 0.863968E-03 0.189689E-02
  0.415654E-02 0.000000E+00 0.118068E-01 0.331190E-02 0.000000E+00
  0.120222E-02 0.000000E+00 0.000000E+00-0.307246E+01 0.000000E+00
  0.000000E+00 0.672403E-03 0.108930E-02 0.972278E-03 0.468242E+01
 -0.315034E-03 0.400059E-02 0.515036E-02 0.162989E-02 0.108824E-02
  0.995261E-03 0.418955E+01-0.364059E+00 0.170182E-02 0.000000E+00
  0.000000E+00-0.320120E+01 0.000000E+00 0.580206E-02 0.000000E+00
  0.000000E+00 0.000000E+00 0.000000E+00 0.000000E+00 0.000000E+00
  0.000000E+00 0.000000E+00 0.000000E+00 0.000000E+00 0.000000E+00
  0.104934E+01-0.288362E-01-0.207095E+00-0.103314E+00-0.702373E-02
  0.129664E-01 0.408853E+00-0.919895E-02-0.188660E-01 0.140927E+01
  0.175033E+00 0.187351E-01 0.110979E+00-0.742871E+01 0.000000E+00
  0.267143E+00-0.595979E-01 0.105038E+03-0.840963E-01-0.697632E-03
  0.206521E-05 0.765306E-03 0.000000E+00 0.000000E+00 0.126762E+00
  0.128876E+00-0.504479E-01-0.130735E-01-0.224348E-01 0.000000E+00
  0.000000E+00-0.150832E+03-0.629928E-02 0.000000E+00-0.407760E-02
  0.000000E+00 0.000000E+00 0.525725E-01-0.311486E+02-0.313351E-02
  0.275838E-02 0.000000E+00 0.000000E+00 0.111247E+00 0.108815E+00
 -0.466713E-01 0.000000E+00-0.329329E-02 0.000000E+00 0.167838E-02
 -0.916691E-02 0.345044E-04-0.971806E-02 0.000000E+00-0.204672E-02
 -0.786899E-02-0.798285E-02 0.536515E-02-0.531172E+04 0.000000E+00
 -0.642781E-02-0.171690E-02 0.000000E+00-0.679131E+02-0.179912E-01
 -0.158305E-01-0.712313E-02 0.000000E+00 0.253477E-01 0.852960E-01
  0.102163E+00 0.295009E+05 0.000000E+00 0.000000E+00 0.000000E+00
 -0.684625E+04-0.619098E-02-0.269289E-02 0.000000E+00-0.520231E+03
 -0.633463E-02 0.000000E+00 0.000000E+00-0.602428E-02-0.407077E-02
  0.542264E-02 0.000000E+00 0.000000E+00 0.000000E+00 0.000000E+00
  0.407560E-01 0.282288E-01 0.908088E-02 0.000000E+00 0.000000E+00
 -0.405204E+00-0.597931E-01-0.731823E+02-0.206620E-02 0.000000E+00
 -0.372723E-02-0.188146E-01-0.101794E-01 0.804633E-02 0.101090E-01
  0.873253E-02 0.238268E-01 0.480444E-02 0.171088E-02 0.396369E-01
 -0.213809E-01 0.000000E+00-0.102588E+00-0.591702E-02 0.000000E+00
  0.270923E-02 0.000000E+00 0.000000E+00-0.175043E+03 0.603489E+00
 -0.617589E+00 0.838098E-02 0.183871E-02-0.705329E-03-0.406644E+01
 -0.509347E-02-0.284344E-01-0.124160E-01 0.133665E-01 0.393410E-02
 -0.503723E-03-0.457683E+01-0.529542E+00-0.425812E-02 0.000000E+00
  0.000000E+00 0.191541E+02 0.000000E+00 0.323247E-02 0.000000E+00
  0.000000E+00 0.000000E+00 0.000000E+00 0.000000E+00 0.000000E+00
  0.000000E+00 0.000000E+00 0.000000E+00 0.000000E+00 0.000000E+00
  0.931113E+00-0.138721E+00-0.133457E+00-0.529542E-01-0.444983E-02
  0.135264E-01 0.598075E-01-0.362880E-01-0.312798E-01 0.372068E+00
  0.295974E-01 0.120509E-01 0.521995E-01-0.778888E+01 0.000000E+00
  0.118634E+00-0.204495E-01 0.103280E+03 0.982432E-01 0.477694E-03
  0.000000E+00 0.274372E-02 0.000000E+00 0.000000E+00 0.757809E-01
  0.171403E+00-0.105205E-01 0.000000E+00 0.000000E+00 0.000000E+00
  0.000000E+00-0.873348E+01-0.581094E-02 0.000000E+00-0.814944E-02
  0.000000E+00 0.000000E+00 0.517255E-01-0.153028E+02-0.348932E-02
  0.961771E-03 0.557732E-02-0.454180E-03 0.988213E-01 0.940456E-01
 -0.318797E-01 0.000000E+00 0.000000E+00 0.000000E+00 0.232122E-02
 -0.600220E-02 0.277654E-04-0.322019E-02 0.000000E+00-0.378551E-02
 -0.334809E-02-0.170668E-02 0.000000E+00 0.636184E+04 0.000000E+00
  0.159986E-02-0.388204E-02-0.164825E-02-0.747955E+02-0.105360E-01
 -0.945723E-02-0.159824E-02-0.706730E-03-0.168513E-01-0.113023E+00
 -0.636637E-01-0.137709E+05 0.000000E+00 0.000000E+00 0.000000E+00
 -0.152368E+05-0.586061E-02-0.253108E-02 0.000000E+00-0.254837E+04
 -0.328988E-02 0.000000E+00 0.000000E+00-0.276364E-02 0.967923E-02
  0.000000E+00 0.000000E+00 0.000000E+00 0.000000E+00 0.000000E+00
  0.434255E-01 0.114020E-01-0.618447E-02 0.000000E+00 0.000000E+00
 -0.302568E+00-0.327694E-01-0.671589E+02-0.228340E-02 0.000000E+00
  0.306230E-02-0.465113E-02-0.973421E-02 0.128326E-01 0.788553E-02
  0.797197E-02-0.120760E-01-0.767547E-02-0.120755E-02-0.298523E-01
 -0.126560E-01 0.000000E+00-0.568350E-01-0.153039E-01 0.000000E+00
  0.000000E+00 0.000000E+00 0.000000E+00 0.000000E+00 0.000000E+00
  0.000000E+00 0.242911E-02-0.401347E-02-0.219074E-02 0.311281E+01
  0.323251E-02-0.639523E-02-0.663069E-02-0.304403E-03-0.401920E-02
 -0.118708E-02 0.415211E+01-0.201896E+00 0.000000E+00 0.000000E+00
  0.000000E+00 0.000000E+00 0.000000E+00 0.000000E+00 0.000000E+00
  0.000000E+00 0.000000E+00 0.000000E+00 0.000000E+00 0.000000E+00
  0.000000E+00 0.000000E+00 0.000000E+00 0.000000E+00 0.000000E+00
  0.106903E+01 0.377113E-03 0.000000E+00 0.000000E+00 0.000000E+00
  0.898481E-01-0.236325E+02 0.208180E-01 0.139638E+03-0.119444E+00
 -0.845398E+01-0.399776E-05 0.000000E+00 0.366210E-02-0.178929E-02
  0.190412E-01-0.392257E-01 0.632343E-02 0.548144E-02 0.000000E+00
  0.000000E+00 0.000000E+00 0.000000E+00 0.000000E+00-0.243022E-02
  0.976619E+00 0.568478E-03 0.582026E-02 0.000000E+00 0.621998E-02
  0.000000E+00 0.000000E+00 0.107674E-01 0.893820E+02-0.192414E-01
 -0.845398E+01 0.000000E+00 0.000000E+00-0.200200E-01-0.195833E-02
 -0.938391E-02 0.131480E-01-0.260147E-02-0.808556E-03 0.511651E-04
  0.255717E-02 0.000000E+00 0.466814E-02 0.664196E-02 0.000000E+00
  0.998594E+00 0.190038E-03 0.000000E+00-0.243825E-01 0.000000E+00
  0.000000E+00 0.000000E+00 0.000000E+00 0.000000E+00 0.522105E-01
 -0.845398E+01 0.000000E+00 0.000000E+00 0.000000E+00 0.000000E+00
  0.767271E-02 0.564539E-02-0.270623E-02-0.526454E-03 0.137075E-02
  0.133060E-02 0.000000E+00 0.000000E+00 0.000000E+00 0.000000E+00
  0.949197E+00 0.000000E+00 0.000000E+00-0.768008E-01 0.000000E+00
  0.000000E+00 0.000000E+00-0.137993E-01-0.140136E+01 0.120481E+00
 -0.845398E+01 0.000000E+00 0.000000E+00 0.000000E+00 0.000000E+00
  0.987746E-02 0.175330E-02-0.688835E-03 0.287022E-02 0.000000E+00
  0.000000E+00 0.744513E-01 0.000000E+00 0.000000E+00 0.000000E+00
  0.152840E+00 0.000000E+00 0.000000E+00 0.116252E+01 0.000000E+00
  0.000000E+00 0.000000E+00 0.000000E+00 0.000000E+00-0.649190E+00
 -0.845398E+01 0.000000E+00 0.000000E+00 0.000000E+00 0.000000E+00
 -0.584949E-01-0.102105E+00 0.299153E-01-0.486227E-01 0.000000E+00
  0.000000E+00 0.000000E+00 0.000000E+00 0.000000E+00 0.000000E+00
  0.000000E+00 0.000000E+00 0.000000E+00 0.000000E+00 0.000000E+00
  0.000000E+00 0.000000E+00 0.000000E+00 0.000000E+00 0.000000E+00
  0.000000E+00 0.000000E+00 0.000000E+00 0.000000E+00 0.000000E+00
  0.000000E+00 0.000000E+00 0.000000E+00 0.000000E+00 0.000000E+00
  0.000000E+00 0.000000E+00 0.000000E+00 0.000000E+00 0.000000E+00
  0.931402E+00 0.137976E+00 0.000000E+00 0.323736E-03 0.000000E+00
 -0.910906E-02 0.707506E-01 0.000000E+00-0.516650E-01 0.689755E-01
  0.000000E+00 0.000000E+00 0.000000E+00-0.845398E+01 0.000000E+00
  0.281140E-01 0.000000E+00 0.736009E+02 0.596604E-01 0.000000E+00
  0.000000E+00-0.151792E-02 0.000000E+00 0.000000E+00 0.132397E+00
  0.213315E+00 0.000000E+00 0.000000E+00 0.000000E+00 0.000000E+00
  0.000000E+00 0.948758E+01 0.884541E-02 0.000000E+00 0.000000E+00
  0.000000E+00 0.000000E+00 0.000000E+00 0.000000E+00 0.000000E+00
  0.000000E+00 0.000000E+00 0.000000E+00 0.113139E+00 0.169134E+00
  0.145192E-01 0.000000E+00 0.000000E+00 0.000000E+00 0.000000E+00
  0.107906E-01 0.299942E-04 0.000000E+00 0.000000E+00 0.000000E+00
  0.000000E+00 0.000000E+00 0.000000E+00 0.000000E+00 0.000000E+00
  0.000000E+00 0.000000E+00 0.000000E+00 0.000000E+00-0.148930E-01
 -0.787184E-02 0.000000E+00 0.000000E+00 0.000000E+00 0.000000E+00
  0.000000E+00 0.000000E+00 0.000000E+00 0.000000E+00 0.000000E+00
  0.000000E+00 0.000000E+00 0.000000E+00 0.000000E+00 0.000000E+00
  0.000000E+00 0.000000E+00 0.000000E+00 0.000000E+00 0.000000E+00
  0.000000E+00 0.000000E+00 0.000000E+00 0.000000E+00 0.000000E+00
 -0.683420E-01-0.441778E-01 0.000000E+00 0.000000E+00 0.000000E+00
  0.000000E+00 0.229730E-01 0.000000E+00 0.000000E+00 0.000000E+00
  0.000000E+00 0.000000E+00 0.000000E+00 0.000000E+00 0.000000E+00
  0.000000E+00 0.000000E+00 0.000000E+00 0.000000E+00 0.000000E+00
  0.000000E+00 0.000000E+00 0.000000E+00 0.000000E+00 0.000000E+00
  0.000000E+00 0.000000E+00 0.000000E+00 0.000000E+00 0.000000E+00
  0.000000E+00 0.000000E+00 0.000000E+00 0.000000E+00 0.000000E+00
  0.000000E+00 0.000000E+00 0.000000E+00 0.000000E+00 0.000000E+00
  0.000000E+00 0.000000E+00 0.000000E+00 0.000000E+00 0.000000E+00
  0.000000E+00 0.000000E+00 0.000000E+00 0.000000E+00 0.000000E+00
  0.000000E+00 0.000000E+00 0.000000E+00 0.000000E+00 0.000000E+00
  0.000000E+00 0.000000E+00 0.000000E+00 0.000000E+00 0.000000E+00
  0.868053E+00 0.236364E+00 0.134306E+00 0.103086E-01 0.000000E+00
 -0.379164E-02-0.157806E+00 0.000000E+00-0.587644E-01-0.312508E+00
  0.000000E+00 0.437387E-01-0.354091E-01-0.223636E+02 0.000000E+00
 -0.533976E-01 0.000000E+00 0.114091E+03 0.517497E-01 0.000000E+00
  0.000000E+00 0.000000E+00 0.000000E+00 0.000000E+00 0.132397E+00
  0.213315E+00 0.000000E+00 0.000000E+00 0.000000E+00 0.000000E+00
  0.000000E+00 0.342702E+03 0.157033E-01 0.000000E+00 0.000000E+00
  0.000000E+00 0.000000E+00 0.000000E+00 0.000000E+00-0.366278E-02
 -0.116193E-02 0.000000E+00 0.000000E+00 0.113139E+00 0.169134E+00
  0.178431E-01 0.000000E+00 0.000000E+00 0.000000E+00 0.000000E+00
  0.162864E-01 0.316963E-04 0.127968E-01 0.000000E+00 0.000000E+00
 -0.704599E-02 0.207921E-02 0.636660E-02 0.229940E+05 0.000000E+00
  0.127833E-01-0.208036E-02-0.461820E-02-0.629391E+02-0.120745E-01
  0.136675E-01 0.136011E-01-0.537162E-02 0.000000E+00 0.000000E+00
  0.000000E+00 0.000000E+00 0.000000E+00 0.000000E+00 0.000000E+00
  0.192509E+05 0.835522E-02 0.419439E-02 0.000000E+00 0.120366E+05
  0.000000E+00 0.000000E+00 0.000000E+00-0.100034E-01-0.233267E-02
  0.972374E-02 0.000000E+00 0.000000E+00 0.000000E+00 0.000000E+00
 -0.265079E-01-0.209125E-01-0.109465E-01 0.000000E+00 0.000000E+00
  0.000000E+00 0.217252E-01-0.712385E+02-0.189428E-02 0.000000E+00
 -0.602006E-02 0.169058E-01 0.000000E+00 0.000000E+00 0.000000E+00
  0.000000E+00 0.000000E+00 0.000000E+00 0.000000E+00 0.290646E-01
  0.348971E-02 0.000000E+00 0.501174E-01 0.550595E-01 0.000000E+00
 -0.955897E-02 0.000000E+00 0.000000E+00-0.151693E+04 0.000000E+00
  0.000000E+00 0.129306E-01 0.269567E-02 0.000000E+00 0.392243E+01
 -0.847690E-02 0.116896E-01 0.000000E+00 0.148967E-01 0.544521E-02
  0.000000E+00 0.564918E+01 0.000000E+00-0.772178E-02 0.000000E+00
  0.000000E+00-0.734042E+02 0.000000E+00 0.000000E+00 0.000000E+00
  0.000000E+00 0.000000E+00 0.000000E+00 0.000000E+00 0.000000E+00
  0.000000E+00 0.000000E+00 0.000000E+00 0.000000E+00 0.000000E+00
  0.127515E+01-0.210472E+00-0.177924E+00 0.218900E+00 0.288436E-01
  0.190077E-01 0.291001E+00 0.217437E-01-0.105186E-01 0.436141E+00
  0.107605E+00 0.330755E-01 0.400581E-01-0.958051E+01 0.000000E+00
  0.154028E-01 0.000000E+00 0.734194E+02 0.496540E-01-0.595906E-02
  0.384512E-04-0.136000E-01 0.000000E+00 0.000000E+00 0.132397E+00
  0.213315E+00-0.416610E-01 0.000000E+00 0.000000E+00 0.000000E+00
  0.000000E+00 0.146276E+03-0.198408E-01 0.000000E+00 0.132530E-01
  0.000000E+00 0.000000E+00 0.000000E+00 0.000000E+00-0.104687E-03
 -0.147562E-02 0.000000E+00 0.000000E+00 0.113139E+00 0.169134E+00
 -0.126913E-01 0.000000E+00 0.000000E+00 0.000000E+00-0.608370E-02
 -0.257587E-01 0.319022E-04 0.000000E+00 0.000000E+00 0.156644E-01
  0.103640E-01 0.105771E-02 0.000000E+00 0.357949E+04 0.000000E+00
 -0.125672E-02 0.152783E-02 0.130518E-02 0.755558E+01-0.920341E-02
 -0.209142E-01-0.134106E-01 0.000000E+00-0.483312E-01 0.830900E-01
  0.988009E-01-0.141148E+05 0.000000E+00 0.000000E+00 0.000000E+00
 -0.105513E+04 0.000000E+00 0.000000E+00 0.000000E+00 0.000000E+00
  0.000000E+00 0.000000E+00 0.000000E+00 0.673442E-02 0.201691E-02
  0.000000E+00 0.000000E+00 0.000000E+00 0.000000E+00 0.000000E+00
  0.598019E-01 0.633298E-02-0.112871E-02 0.000000E+00 0.000000E+00
  0.000000E+00-0.128604E-01 0.000000E+00 0.000000E+00 0.000000E+00
 -0.494960E-02-0.136415E-01-0.115039E-01 0.000000E+00 0.000000E+00
  0.000000E+00 0.000000E+00 0.000000E+00 0.000000E+00 0.000000E+00
  0.000000E+00 0.000000E+00 0.000000E+00 0.000000E+00 0.000000E+00
  0.000000E+00 0.000000E+00 0.000000E+00 0.000000E+00 0.000000E+00
  0.000000E+00-0.586860E-02-0.141732E-02 0.213697E-02 0.263845E+01
 -0.834186E-02-0.187336E-01-0.190870E-01-0.803810E-02-0.284279E-02
  0.256722E-02 0.171429E+01 0.000000E+00 0.000000E+00 0.000000E+00
  0.000000E+00 0.000000E+00 0.000000E+00 0.000000E+00 0.000000E+00
  0.000000E+00 0.000000E+00 0.000000E+00 0.000000E+00 0.000000E+00
  0.000000E+00 0.000000E+00 0.000000E+00 0.000000E+00 0.000000E+00
  0.573587E+02-0.398747E+00 0.000000E+00-0.529554E+00-0.582186E-02
  0.714177E-01-0.679279E+00-0.167715E+00-0.642434E-01-0.211569E+00
 -0.159922E+00-0.171024E-03-0.115885E+00 0.651603E+01 0.000000E+00
 -0.176683E+00 0.650395E-01 0.143504E+01 0.928208E-01 0.511662E-02
  0.000000E+00 0.995121E-02 0.000000E+00 0.000000E+00 0.132397E+00
  0.213315E+00 0.101451E+00 0.000000E+00 0.000000E+00 0.000000E+00
  0.000000E+00 0.567667E+02 0.238192E-02 0.000000E+00-0.188240E-01
  0.000000E+00 0.000000E+00 0.476218E-01 0.235206E+02 0.475901E-02
  0.576162E-02 0.151815E-01-0.192730E-01 0.113139E+00 0.169134E+00
 -0.288771E-01 0.000000E+00 0.000000E+00 0.000000E+00 0.118418E-02
 -0.368927E-02 0.314704E-04 0.882198E-02 0.000000E+00-0.192562E-01
 -0.258674E-02-0.219913E-01 0.000000E+00 0.438655E+04 0.000000E+00
  0.760126E-02 0.259438E-02 0.172310E-02 0.779204E+02 0.797786E-03
 -0.770510E-02 0.190982E-02 0.272707E-02 0.101016E-01 0.116537E+00
 -0.312236E-02 0.139783E+05 0.000000E+00 0.000000E+00 0.000000E+00
 -0.130712E+04 0.000000E+00 0.000000E+00 0.000000E+00 0.000000E+00
  0.000000E+00 0.000000E+00 0.000000E+00-0.320544E-02-0.206970E-01
  0.000000E+00 0.000000E+00 0.000000E+00 0.000000E+00 0.000000E+00
  0.159010E-01-0.191427E-02-0.342829E-01 0.000000E+00 0.000000E+00
  0.000000E+00-0.345379E-01 0.894518E+02 0.171556E-02 0.000000E+00
 -0.765278E-02-0.208987E-03-0.157393E-01 0.000000E+00 0.000000E+00
  0.000000E+00 0.000000E+00 0.000000E+00 0.000000E+00 0.000000E+00
  0.000000E+00 0.000000E+00 0.000000E+00 0.000000E+00 0.000000E+00
  0.000000E+00 0.000000E+00 0.000000E+00 0.000000E+00 0.000000E+00
  0.000000E+00-0.860673E-02-0.119922E-01-0.646356E-02-0.300107E+01
 -0.932511E-02-0.150205E-01-0.867835E-02-0.764801E-02-0.131495E-01
 -0.676720E-02-0.182396E+01 0.000000E+00 0.000000E+00 0.000000E+00
  0.000000E+00 0.000000E+00 0.000000E+00 0.000000E+00 0.000000E+00
  0.000000E+00 0.000000E+00 0.000000E+00 0.000000E+00 0.000000E+00
  0.000000E+00 0.000000E+00 0.000000E+00 0.000000E+00 0.000000E+00
  0.951363E+00-0.467542E-01 0.120260E+00 0.000000E+00 0.000000E+00
  0.191357E-01 0.000000E+00 0.000000E+00 0.125429E-02-0.133240E+00
  0.000000E+00 0.000000E+00 0.000000E+00-0.845398E+01 0.000000E+00
  0.000000E+00 0.000000E+00 0.000000E+00 0.000000E+00 0.000000E+00
  0.000000E+00 0.252317E-02 0.000000E+00-0.973404E-02 0.132397E+00
  0.213315E+00 0.000000E+00 0.000000E+00 0.000000E+00 0.000000E+00
  0.000000E+00 0.000000E+00 0.000000E+00-0.718482E-03 0.000000E+00
  0.000000E+00 0.000000E+00 0.000000E+00 0.000000E+00 0.000000E+00
  0.000000E+00 0.787683E-02-0.233698E-02 0.113139E+00 0.169134E+00
  0.000000E+00 0.000000E+00 0.000000E+00 0.000000E+00 0.000000E+00
  0.000000E+00 0.000000E+00 0.000000E+00 0.000000E+00 0.000000E+00
  0.000000E+00 0.000000E+00 0.000000E+00 0.000000E+00 0.000000E+00
  0.000000E+00 0.000000E+00 0.000000E+00 0.000000E+00 0.000000E+00
  0.000000E+00 0.000000E+00 0.000000E+00 0.000000E+00 0.000000E+00
  0.000000E+00 0.000000E+00 0.000000E+00 0.000000E+00 0.000000E+00
  0.000000E+00 0.000000E+00 0.000000E+00 0.000000E+00 0.000000E+00
  0.000000E+00 0.000000E+00 0.000000E+00 0.000000E+00 0.000000E+00
  0.000000E+00 0.000000E+00 0.000000E+00 0.000000E+00 0.000000E+00
  0.000000E+00 0.000000E+00 0.000000E+00 0.000000E+00 0.000000E+00
  0.000000E+00 0.000000E+00 0.000000E+00 0.000000E+00 0.000000E+00
  0.000000E+00 0.000000E+00 0.000000E+00 0.000000E+00 0.000000E+00
  0.000000E+00 0.000000E+00 0.000000E+00 0.000000E+00 0.000000E+00
  0.000000E+00 0.000000E+00 0.000000E+00 0.000000E+00 0.000000E+00
  0.000000E+00 0.000000E+00 0.000000E+00 0.000000E+00 0.000000E+00
  0.000000E+00 0.000000E+00 0.000000E+00 0.000000E+00 0.000000E+00
  0.000000E+00 0.000000E+00 0.000000E+00 0.000000E+00 0.000000E+00
  0.000000E+00 0.000000E+00 0.000000E+00 0.000000E+00 0.000000E+00
  0.000000E+00 0.000000E+00 0.000000E+00 0.000000E+00 0.000000E+00
  0.000000E+00 0.000000E+00 0.000000E+00 0.000000E+00 0.000000E+00
  0.000000E+00 0.000000E+00 0.000000E+00 0.000000E+00 0.000000E+00
  0.933804E+00 0.547446E+01 0.153263E+00 0.919303E+00 0.164109E+02
  0.427083E+01 0.000000E+00 0.000000E+00 0.000000E+00 0.000000E+00
  0.000000E+00 0.000000E+00 0.000000E+00 0.000000E+00 0.000000E+00
  0.000000E+00 0.000000E+00 0.000000E+00 0.000000E+00 0.000000E+00
  0.000000E+00 0.000000E+00 0.000000E+00 0.000000E+00 0.000000E+00
  0.115897E+01 0.471094E+00 0.109459E+01 0.525012E+01 0.100000E+01
  0.100000E+01 0.103999E+01 0.767132E+00 0.110514E+01 0.175636E+01
  0.110845E+01 0.233439E+01 0.796532E+00 0.431520E+01 0.407300E+01
  0.101885E+01 0.239547E+00 0.253791E-05 0.842931E+00 0.104192E+01
  0.200202E+01 0.100000E+01 0.100000E+01 0.100000E+01 0.100000E+01
  0.104130E+04 0.386000E+03 0.190000E+03 0.166728E+02 0.115000E+03
  0.120000E+03 0.945537E+02 0.000000E+00 0.245600E+08 0.671072E-05
  0.100000E+03 0.000000E+00 0.110000E+03 0.100000E+02 0.000000E+00
  0.000000E+00 0.859400E+11 0.540000E+00 0.105000E+03-0.800000E+01
  0.110000E+03 0.100000E+02 0.900000E+02 0.200000E+01 0.281000E+12
  0.000000E+00 0.105000E+03 0.280000E+02 0.289500E+02 0.000000E+00
  0.000000E+00 0.000000E+00 0.330000E+11 0.268270E+00 0.105000E+03
  0.000000E+00 0.110000E+03 0.100000E+02 0.000000E+00 0.000000E+00
  0.133000E+10 0.119615E-01 0.105000E+03 0.000000E+00 0.110000E+03
  0.100000E+02 0.000000E+00 0.000000E+00 0.176100E+06 0.100000E+01
  0.950000E+02-0.800000E+01 0.110000E+03 0.100000E+02 0.900000E+02
  0.200000E+01 0.100000E+08 0.100000E+01 0.105000E+03-0.800000E+01
  0.110000E+03 0.100000E+02 0.900000E+02 0.200000E+01
