21545.00000039794   7100                0                   1300                0                   7.35                1                   
21545.00069484238   7086.478452769565   440.720219715447    1357.486158401703   -0.450240469548004  7.336023141510919   0.915659990767392   
21545.00179116776   7010.454628626615   1132.43469256159    1437.677115909065   -1.152880412776435  7.257651738652669   0.7763448308969072  
21545.00294871516   6858.729048389127   1851.10858555923    1507.675136817641   -1.877775247845116  7.101758033203585   0.6224075796222164  
21545.00411710171   6633.250670392597   2556.974504346934   1562.426542808556   -2.584687576148839  6.870842371375249   0.4615558311135788  
21545.00529039061   6336.574285938923   3238.718966250542   1600.859863227464   -3.262641019026574  6.567937307066078   0.2962119372112723  
21545.00646773163   5971.701580532621   3888.484316748522   1622.455633820133   -3.904292798382682  6.196427967218891   0.1281809117314859  
21545.00764880195   5542.333065790872   4499.062790851447   1626.910764753799   -4.503053851626773  5.760295816215715   -0.04078910141155968
21545.00883331533   5052.893583813309   5063.672655364539   1614.112753596327   -5.05283300377016   5.264133757318501   -0.2089579318590113 
21545.01002094726   4508.508634333877   5575.996241289572   1584.14052532751    -5.548044094276964  4.713116621755592   -0.3745987028140589 
21545.01121132938   3914.958022313259   6030.256971011965   1537.266425167924   -5.983651216033667  4.112954839015065   -0.5360124175949926 
21545.01240405934   3278.613298233742   6421.298676450536   1473.955555570033   -6.355216429611132  3.469838043454534   -0.691544368619472  
21545.0135987152    2606.362079834044   6744.657543173561   1394.861707949536   -6.658941717048351  2.790371520071573   -0.8396004659171944 
21545.01479485021   1905.534512916794   6996.618808095987   1300.821611735201   -6.891699041058026  2.0815203517528     -0.9786603399418324 
21545.01599202686   1183.800229133396   7174.272258899911   1192.843618425964   -7.051062781217461  1.350528453714088   -1.10729429631432   
21545.01718973748   449.1279318573018   7275.540332593158   1072.104124754391   -7.135321637583401  0.6049047954387242  -1.2241673699242    
21545.01838750293   -290.3665768988903  7299.225581922243   939.9262046446104   -7.143512975697642  -0.1477006873918658 -1.328062496182297  
21545.01958484203   -1026.498711135279  7245.02028488764    797.7665773269066   -7.07542777731983   -0.899545434449786  -1.417887994574771  
21545.02078128221   -1751.11891620898   7113.511834490618   647.1973321932846   -6.931617311278665  -1.642868566743581  -1.492688899744122  
21545.02197634057   -2456.198647596903  6906.179831061288   489.889790605475    -6.713398303217554  -2.369948394094418  -1.551655732208758  
21545.0231695544    -3133.945347810932  6625.376709239514   327.5908179987945   -6.422847259724534  -3.0731925064225    -1.594135716437053  
21545.0243605064    -3776.908406428758  6274.288496050243   162.0980837123686   -6.062780623377048  -3.745223277483928  -1.619640780425477  
21545.02554878219   -4378.042394813418  5856.903076924498   -4.755834747116355  -5.636747516880481  -4.378924276124224  -1.627852541616843  
21545.0267340074    -4930.809179068774  5377.949397926595   -171.1304202495605  -5.148996241616572  -4.967533293817659  -1.618628829639776  
21545.02791583083   -5429.243691528821  4842.842063889138   -335.1967963772161  -4.604448798950042  -5.50470440699999   -1.592007465050638  
21545.02909394731   -5868.03041151415   4257.602727983152   -495.1624262400564  -4.008652703529209  -5.984588840068879  -1.548208438185505  
21545.03026810714   -6242.560716462399  3628.776497557864   -649.2929867421175  -3.367727195731551  -6.40190340425016   -1.487633372145081  
21545.03143808304   -6548.967336031333  2963.366787756311   -795.9275405329041  -2.688326265675815  -6.751981031631842  -1.410865627922169  
21545.03260371447   -6784.173931832748  2268.72516595031    -933.5026011385404  -1.977552489692917  -7.030845225805942  -1.31866465731988   
21545.03376486415   -6945.909080633631  1552.486687908902   -1060.563491066421  -1.242912780354917  -7.235250831947367  -1.211963447793762  
21545.034921482     -7032.730909972506  822.4404669614831   -1175.786462189533  -0.492202304968853  -7.362743373709305  -1.091855341138515  
21545.03607353209   -7044.019902994519  86.48390372836488   -1277.983605569441  0.2665321194097076  -7.41168416006045   -0.9595907470627456 
21545.03722103361   -6979.980115192059  -647.4917761048945  -1366.118647331702  1.025105778285282   -7.381289285739634  -0.8165616214857812 
21545.03836407999   -6841.618129486186  -1371.700907172515  -1439.316617192016  1.775301510965688   -7.271644860228521  -0.66428423053263   
21545.03950279886   -6630.71844095215   -2078.520535536296  -1496.867117095055  2.508938235441665   -7.083715101695542  -0.5043877049419027 
21545.04063732758   -6349.821560266441  -2760.554968741757  -1538.229094307028  3.217953204838145   -6.819351202273925  -0.3386001851857112 
21545.0417678944    -6002.167232296894  -3410.759659183026  -1563.037299699075  3.894551638323496   -6.481262330062941  -0.168717478954984  
21545.04289475545   -5591.658718989675  -4022.469429958966  -1571.099588246717  4.531261643564562   -6.072999134284657  0.003409239261058801
21545.04401819801   -5122.813633926684  -4589.463259080025  -1562.396731084364  5.121030457564862   -5.598919054257184  0.1758957696044127  
21545.04513854306   -4600.708422685155  -5106.022004587216  -1537.080103695043  5.657315499826655   -5.064138047987785  0.3468481260923719  
21545.04625614172   -4030.920866833097  -5566.976087459266  -1495.467645943297  6.134165681580115   -4.474472938072365  0.5143852683181794  
21545.04737136926   -3419.471175303404  -5967.746223462861  -1438.038617737094  6.546294758700258   -3.836375130418865  0.6766615501275656  
21545.04848463499   -2772.75198237668   -6304.383097110785  -1365.426179574508  6.88915136281537    -3.156845852240004  0.8318910744619489  
21545.04959635521   -2097.47761433698   -6573.588222569682  -1278.410941558581  7.158966219548641   -2.443365277606808  0.9783659817338104  
21545.05070696972   -1400.608089961472  -6772.743852709851  -1177.911117252501  7.352804016871994   -1.703789812212142  1.114479921711328   
21545.05181691427   -689.2985841540208  -6899.925979052546  -1064.975039242401  7.468592606074068   -0.9462718557870515 1.238744316852537   
21545.05292664331   29.18256590310446   -6953.92184428258   -940.7685288339968  7.50515019057132    -0.1791430823159997 1.349809220781169   
21545.05403659403   747.4989206915881   -6934.234614778447  -806.5672813589888  7.462193422160373   0.5891648238186275  1.446475584897089   
21545.05514724119   1458.349000547418   -6841.084904950831  -663.7382030261628  7.340333845206538   1.350261791621719   1.527713875854414   
21545.05625900639   2154.475024190264   -6675.410548860599  -513.7377798365865  7.141068936117174   2.095839145515945   1.592667847422875   
21545.0573723378    2828.780483850615   -6438.853371398719  -358.0887499039622  6.866749896138135   2.817823555499491   1.640669588993891   
21545.05848763891   3474.351390548084   -6133.755234576836  -198.3756755544427  6.520557026289916   3.508424404287885   1.671241461275156   
21545.05960530372   4084.543698108823   -5763.135185397382  -36.22582697885625  6.106448340478575   4.16024750061503    1.684102158621048   
21545.06072570637   4653.04032222913    -5330.666442188409  126.7043889884374   5.629105596935407   4.766370836926442   1.679167134634386   
21545.06184919439   5173.90925502826    -4840.648947571856  288.7438038523486   5.093873382579891   5.320415533927821   1.656547100918621   
21545.06297607342   5641.657292258222   -4297.981891150103  448.2200632434906   4.506697325572215   5.816605796112862   1.616544871097896   
21545.06410662624   6051.296887440811   -3708.114946902877  603.4785021842768   3.874039759384987   6.249836351916159   1.559649094558363   
21545.06524109464   6398.392815037049   -3077.01003511813   752.8958915079091   3.202808883371542   6.615712124747372   1.486526683267631   
21545.06637970099   6679.119097545175   -2411.076988032251  894.8996141039593   2.500263154977034   6.910592904386402   1.398011383864117   
21545.06752261135   6890.29397500335    -1717.136578376259  1027.979097914832   1.773949022513867   7.13160968509777    1.295094599488629   
21545.0686699337    7029.426185231968   -1002.360592448892  1150.702443106338   1.031619012125315   7.276688652528367   1.178913655146282   
21545.06982174008   7094.756707725455   -274.1901009436914  1261.735184930851   0.2811331834828731  7.344567010640605   1.050735907707714   
21545.07097806735   7085.285978963982   459.7388209821825   1359.855382925635   -0.4696247857712036 7.334791483225984   0.9119431772130029  
21545.07213890057   7000.795183495828   1191.661786173796   1443.966593084919   -1.212817129276147  7.247709844887714   0.7640178639162422  
21545.0733041605    6841.865372050416   1913.759248929657   1513.111321209968   -1.940721801703949  7.084460606377697   0.6085287628628981  
21545.07447374623   6609.880096312518   2618.267098912326   1566.486552123091   -2.645833491857356  6.846947381747429   0.4471090810713736  
21545.07564748589   6307.030057631481   3297.532129527383   1603.452147557978   -3.320902914236639  6.53781820675055    0.2814464294796925  
21545.07682518156   5936.2937669691     3944.126033639431   1623.542814644622   -3.959029651962352  6.160424250779554   0.1132602061135292  
21545.07800657755   5501.42390672361    4550.913504802702   1626.474874252049   -4.553704651486111  5.718789269494725   -0.05571034074039069
21545.07919137934   5006.912072501306   5111.148787032217   1612.152941279651   -5.098877732130936  5.217562618627542   -0.2237248661158491 
21545.08037927599   4457.93668271211    5618.567231547862   1580.672843677377   -5.589017647629156  4.661961366371265   -0.3890608014153613 
21545.08156988548   3860.337033966941   6067.439297383818   1532.324219047218   -6.019134946437447  4.057745205132523   -0.5500209534687919 
21545.08276280828   3220.531046175087   6452.669206122081   1467.58887629912    -6.384848546789995  3.41114065938551    -0.7049560061883929 
21545.08395762584   2545.445313237304   6769.858045175693   1387.136573512115   -6.682419281903954  2.728783850546916   -0.8522784497405223 
21545.08515389138   1842.44359771471    7015.358842949354   1291.819418628042   -6.908778749991315  2.017667138861888   -0.9904751225495367 
21545.08635111645   1119.25278960269    7186.326879397103   1182.665157581163   -7.061557677488035  1.285087931220261   -1.118119369488057  
21545.08754885673   383.8220700856067   7280.771589441844   1060.858449069751   -7.139119572448385  0.5385335014539457  -1.233892874473915  
21545.08874660757   -355.7075056700292  7297.569565622592   927.7370642760017   -7.140564312967273  -0.2143198756101696 -1.336586435321154  
21545.08994387967   -1091.145036375686  7236.493245460305   784.7697848078639   -7.065751056292251  -0.9657196540868743 -1.425119495772524  
21545.09114020384   -1814.350633715454  7098.210580600765   633.5378905262847   -6.915299933300957  -1.707908486862111  -1.498550179542236  
21545.09233510706   -2517.317921982945  6884.278640946988   475.7191837918268   -6.690594407734903  -2.433178491343652  -1.556083105383671  
21545.09352813711   -3192.284586394525  6597.122766199564   313.0649116990923   -6.393774713953145  -3.133957202725535  -1.59707987987302   
21545.09471885599   -3831.8207402492    6240.006780930875   147.3795338033539   -6.027728122690886  -3.802875089586357  -1.621066500879074  
21545.09590687447   -4428.934380921364  5816.979962562373   -19.50580196437418  -5.596060135697278  -4.432856446458383  -1.627740449677913  
21545.09709181346   -4977.131056763744  5332.835638237826   -185.7498173016973  -5.103081211824713  -5.017168799459021  -1.616974982373173  
21545.09827331495   -5470.495854507453  4793.049711025215   -349.5244790943707  -4.55377513668271   -5.549502312864369  -1.588824142039671  
21545.0994510842    -5903.776659446318  4203.691338833892   -509.0423967670594  -3.953739982936748  -6.024058755826742  -1.54352405295258   
21545.10062488026   -6272.430826543516  3571.345759163637   -662.5758677313694  -3.309140730410558  -6.435609319947412  -1.481492111731328  
21545.10179447986   -6572.658503071162  2903.0512420582     -808.4715565436767  -2.626674177943468  -6.779544417905619  -1.403327338073768  
21545.10295972291   -6801.452617602948  2206.188665597802   -945.1746715617857  -1.913482166594015  -7.051949051024681  -1.309804740137605  
21545.10412048319   -6956.614782196976  1488.408258282208   -1071.241843634923  -1.17709808804212   -7.249646424878073  -1.201871454400242  
21545.10527669659   -7036.773999795426  757.5219239396447   -1185.35920107452   -0.4253525950727183 -7.370250356966787  -1.080636611677376  
21545.10642832938   -7041.385976569391  21.4321053303967    -1286.351922166805  0.3336895590808879  -7.412198655706411  -0.9473643138545078 
21545.10757544892   -6970.725157708447  -712.002505139603   -1373.201047588299  1.091864542353212   -7.374783619719064  -0.8034530611827206 
21545.10871810219   -6825.870134860063  -1434.975729520496  -1445.042000923319  1.84092186155558    -7.258169409899103  -0.6504358421600062 
21545.10985643292   -6608.674036867119  -2139.891555187363  -1501.180616347525  2.572697233077176   -7.063399807062487  -0.4899495366118827 
21545.11099061445   -6321.734155200266  -2819.399373654966  -1541.092371483927  3.279165282491744   -6.792396263796051  -0.3237250014131115 
21545.11212084751   -5968.356966197706  -3466.467003887561  -1564.425918168452  3.952536696052822   -6.44794910550706   -0.1535680850496367 
21545.11324739097   -5552.503511306419  -4074.466685977269  -1571.004781469223  4.58537349497866    -6.033683433750346  0.01866611794373409 
21545.1143705459    -5078.739482661596  -4637.225695304109  -1560.825106706729  5.170670840637096   -5.554022294744672  0.1910932564836715  
21545.11549063095   -4552.190094367754  -5149.069031961258  -1534.053204534037  5.701932549032288   -5.0141481828169    0.3618187871611313  
21545.11660799616   -3978.476734335621  -5604.876770788467  -1491.021754702978  6.173262469984069   -4.41993902598716   0.5289634150845844  
21545.11772303021   -3363.649793937663  -6000.12833982135   -1432.223531547492  6.57944132936539    -3.777892586336516  0.6906874492497296  
21545.1188361382    -2714.135316998062  -6330.928721646596  -1358.305200299075  6.915982575083601   -3.095058387270933  0.8452102894567453  
21545.11994773715   -2036.672858921616  -6594.038556052954  -1270.060034779571  7.179188813530629   -2.378954548954088  0.9908320746519342  
21545.12105827318   -1338.238136240726  -6786.901998210906  -1168.4175448707    7.366201019392511   -1.637463111375686  1.125956934933949   
21545.12216818235   -625.9997105653583  -6907.656520858809  -1054.436879037069  7.475024003546832   -0.8787571129961677 1.249107575962771   
21545.1232779133    92.76261743705788   -6955.151644965187  -929.2944307682596  7.504554378640076   -0.1111841336979735 1.358946243913966   
21545.12438792196   810.7226854403053   -6928.953523909526  -794.2725833165738  7.454587391734921   0.65683424478023    1.454289655379263   
21545.12549864194   1520.55662759581    -6829.347819093571  -650.7511917004174  7.325815897722999   1.416885854019216   1.534120158403367   
21545.12661052513   2215.036361683441   -6657.334400592195  -500.1897443387794  7.119812819002933   2.160698251792561   1.597600250518352   
21545.12772400274   2887.070942369754   -6414.619663938018  -344.1187459924656  6.839006712793773   2.880210851887175   1.644077918734185   
21545.12883948702   3529.773833307182   -6103.604649836688  -184.125783972219   6.486646799935588   3.567671195051928   1.673093334449616   
21545.12995736796   4136.526211399113   -5727.367755672599  -21.84158504085082  6.066757948961974   4.215722384077512   1.684382507028494   
21545.13107803163   4701.04974327719    -5289.632932063651  141.0776368566017   5.584076621706185   4.817495164589101   1.677878083529466   
21545.13220179646   5217.436010098581   -4794.764281555623  302.9563031033276   5.044014136198238   5.366647742296145   1.653708039507076   
21545.13332899589   5680.247589657558   -4247.69790329418   462.1272512367427   4.452550238843665   5.857475604902875   1.612191133984125   
21545.1344599012    6084.53823384606    -3653.932849511411  616.9366598230945   3.816192459617326   6.284928706520868   1.553831805460221   
21545.13559475188   6425.922782325046   -3019.472411731732  765.7648378235241   3.141883036549547   6.64467537141468    1.479311824303441   
21545.13673373279   6700.621729073974   -2350.784218280969  907.0398135768336   2.436929474609359   6.933133450665999   1.389481817181584   
21545.13787702426   6905.519881462178   -1654.712474485805  1039.260015301753   1.708888894363188   7.147511132588948   1.28534564390192    
21545.13888928682   7026.375636624189   -1023.646222555656  1147.247887856646   1.053643131455949   7.273514089149359   1.182514326990935   
